100 79
200 127
300 168
400 210
500 247
600 280
700 316
800 359
900 403
1000 443
1100 476
1200 518
1300 555
1400 578
1500 620
1600 654
1700 682
1800 723
1900 762
2000 789
2100 814
2200 857
2300 893
2400 925
2500 962
2600 993
2700 1028
2800 1057
2900 1085
3000 1122
3100 1149
3200 1170
3300 1201
3400 1234
3500 1258
3600 1292
3700 1321
3800 1334
3900 1358
4000 1384
4100 1412
4200 1439
4300 1457
4400 1483
4500 1506
4600 1521
4700 1550
4800 1587
4900 1615
5000 1645
5100 1677
5200 1691
5300 1716
5400 1740
5500 1769
5600 1791
5700 1806
5800 1819
5900 1838
6000 1857
6100 1864
6200 1879
6300 1895
6400 1913
6500 1924
6600 1942
6700 1966
6800 1980
6900 2000
7000 2016
7100 2044
7200 2071
7300 2094
7400 2126
7500 2155
7600 2184
7700 2220
7800 2248
7900 2276
8000 2297
8100 2326
8200 2355
8300 2363
8400 2384
8500 2401
8600 2415
8700 2440
8800 2451
8900 2472
9000 2495
9100 2507
9200 2516
9300 2526
9400 2546
9500 2567
9600 2590
9700 2610
9800 2635
9900 2657
10000 2676
10100 2706
10200 2729
10300 2740
10400 2749
10500 2765
10600 2794
10700 2812
10800 2831
10900 2851
11000 2871
11100 2891
11200 2912
11300 2924
11400 2957
11500 2969
11600 2992
11700 3013
11800 3029
11900 3055
12000 3069
12100 3093
12200 3121
12300 3139
12400 3156
12500 3180
12600 3204
12700 3221
12800 3243
12900 3261
13000 3285
13100 3310
13200 3327
13300 3345
13400 3365
13500 3388
13600 3411
13700 3440
13800 3460
13900 3485
14000 3510
14100 3539
14200 3565
14300 3580
14400 3595
14500 3608
14600 3619
14700 3630
14800 3642
14900 3654
15000 3671
15100 3690
15200 3719
15300 3739
15400 3765
15500 3790
15600 3811
15700 3835
15800 3860
15900 3887
16000 3916
16100 3950
16200 3973
16300 3996
16400 4014
16500 4033
16600 4051
16700 4068
16800 4080
16900 4091
17000 4108
17100 4120
17200 4137
17300 4162
17400 4194
17500 4225
17600 4256
17700 4288
17800 4308
17900 4331
18000 4352
18100 4373
18200 4396
18300 4412
18400 4431
18500 4446
18600 4462
18700 4480
18800 4498
18900 4513
19000 4526
19100 4534
19200 4548
19300 4565
19400 4580
19500 4590
19600 4604
19700 4623
19800 4646
19900 4661
20000 4673
20100 4688
20200 4703
20300 4727
20400 4752
20500 4774
20600 4790
20700 4810
20800 4823
20900 4836
21000 4847
21100 4862
21200 4881
21300 4891
21400 4910
21500 4925
21600 4930
21700 4954
21800 4964
21900 4973
22000 4979
22100 4992
22200 5014
22300 5032
22400 5047
22500 5066
22600 5092
22700 5107
22800 5127
22900 5144
23000 5151
23100 5171
23200 5179
23300 5186
23400 5200
23500 5210
23600 5223
23700 5241
23800 5255
23900 5270
24000 5279
24100 5286
24200 5292
24300 5303
24400 5308
24500 5323
24600 5336
24700 5354
24800 5369
24900 5379
25000 5389
25100 5404
25200 5415
25300 5426
25400 5434
25500 5452
25600 5468
25700 5488
25800 5507
25900 5532
26000 5546
26100 5567
26200 5578
26300 5588
26400 5599
26500 5609
26600 5625
26700 5652
26800 5675
26900 5696
27000 5724
27100 5747
27200 5773
27300 5788
27400 5803
27500 5818
27600 5838
27700 5849
27800 5871
27900 5891
28000 5916
28100 5944
28200 5963
28300 5974
28400 5988
28500 6001
28600 6022
28700 6037
28800 6052
28900 6066
29000 6084
29100 6108
29200 6113
29300 6120
29400 6144
29500 6167
29600 6189
29700 6212
29800 6226
29900 6243
30000 6249
30100 6259
30200 6269
30300 6284
30400 6299
30500 6317
30600 6338
30700 6350
30800 6371
30900 6392
31000 6408
31100 6425
31200 6441
31300 6457
31400 6468
31500 6487
31600 6492
31700 6510
31800 6526
31900 6534
32000 6547
32100 6570
32200 6586
32300 6591
32400 6601
32500 6617
32600 6639
32700 6645
32800 6654
32900 6672
33000 6695
33100 6709
33200 6720
33300 6734
33400 6750
33500 6759
33600 6770
33700 6777
33800 6786
33900 6796
34000 6812
34100 6823
34200 6841
34300 6854
34400 6880
34500 6890
34600 6907
34700 6924
34800 6945
34900 6959
35000 6971
35100 6979
35200 6989
35300 7001
35400 7013
35500 7024
35600 7036
35700 7052
35800 7069
35900 7075
36000 7088
36100 7111
36200 7124
36300 7139
36400 7155
36500 7162
36600 7175
36700 7191
36800 7204
36900 7210
37000 7222
37100 7229
37200 7240
37300 7249
37400 7256
37500 7267
37600 7274
37700 7284
37800 7289
37900 7293
38000 7300
38100 7308
38200 7317
38300 7325
38400 7334
38500 7352
38600 7364
38700 7372
38800 7384
38900 7411
39000 7428
39100 7444
39200 7468
39300 7483
39400 7500
39500 7521
39600 7535
39700 7537
39800 7546
39900 7555
40000 7560
40100 7566
40200 7573
40300 7586
40400 7598
40500 7612
40600 7633
40700 7646
40800 7657
40900 7668
41000 7678
41100 7690
41200 7704
41300 7716
41400 7727
41500 7738
41600 7752
41700 7770
41800 7776
41900 7783
42000 7790
42100 7810
42200 7825
42300 7835
42400 7852
42500 7868
42600 7889
42700 7918
42800 7957
42900 7970
43000 7999
43100 8020
43200 8034
43300 8052
43400 8068
43500 8089
43600 8096
43700 8106
43800 8115
43900 8124
44000 8135
44100 8159
44200 8169
44300 8177
44400 8188
44500 8199
44600 8219
44700 8239
44800 8258
44900 8270
45000 8280
45100 8299
45200 8311
45300 8326
45400 8335
45500 8350
45600 8372
45700 8383
45800 8392
45900 8405
46000 8428
46100 8443
46200 8456
46300 8467
46400 8488
46500 8520
46600 8533
46700 8544
46800 8555
46900 8574
47000 8581
47100 8589
47200 8598
47300 8615
47400 8624
47500 8636
47600 8647
47700 8655
47800 8668
47900 8681
48000 8691
48100 8697
48200 8709
48300 8721
48400 8733
48500 8744
48600 8754
48700 8769
48800 8781
48900 8793
49000 8800
49100 8813
49200 8827
49300 8836
49400 8855
49500 8868
49600 8884
49700 8895
49800 8909
49900 8923
50000 8944
50100 8958
50200 8970
50300 8982
50400 8987
50500 9002
50600 9018
50700 9027
50800 9036
50900 9049
51000 9059
51100 9069
51200 9083
51300 9100
51400 9116
51500 9129
51600 9136
51700 9150
51800 9163
51900 9174
52000 9185
52100 9195
52200 9204
52300 9212
52400 9228
52500 9237
52600 9244
52700 9254
52800 9263
52900 9272
53000 9283
53100 9294
53200 9298
53300 9308
53400 9322
53500 9327
53600 9339
53700 9351
53800 9365
53900 9378
54000 9380
54100 9390
54200 9398
54300 9414
54400 9430
54500 9452
54600 9464
54700 9478
54800 9493
54900 9512
55000 9520
55100 9535
55200 9547
55300 9558
55400 9574
55500 9587
55600 9610
55700 9633
55800 9667
55900 9696
56000 9725
56100 9746
56200 9755
56300 9761
56400 9773
56500 9786
56600 9796
56700 9803
56800 9817
56900 9823
57000 9834
57100 9857
57200 9863
57300 9869
57400 9881
57500 9887
57600 9900
57700 9918
57800 9927
57900 9935
58000 9942
58100 9948
58200 9957
58300 9963
58400 9979
58500 9993
58600 10002
58700 10010
58800 10022
58900 10030
59000 10040
59100 10048
59200 10061
59300 10070
59400 10093
59500 10115
59600 10125
59700 10143
59800 10165
59900 10179
60000 10197
60100 10209
60200 10225
60300 10234
60400 10244
60500 10253
60600 10263
60700 10279
60800 10296
60900 10303
61000 10310
61100 10317
61200 10327
61300 10337
61400 10341
61500 10345
61600 10354
61700 10371
61800 10382
61900 10394
62000 10415
62100 10429
62200 10442
62300 10458
62400 10467
62500 10471
62600 10479
62700 10485
62800 10497
62900 10509
63000 10530
63100 10537
63200 10543
63300 10552
63400 10563
63500 10576
63600 10589
63700 10594
63800 10598
63900 10601
64000 10605
64100 10621
64200 10627
64300 10635
64400 10644
64500 10654
64600 10663
64700 10670
64800 10679
64900 10694
65000 10702
65100 10710
65200 10727
65300 10740
65400 10750
65500 10759
65600 10770
65700 10778
65800 10797
65900 10813
66000 10826
66100 10837
66200 10851
66300 10872
66400 10881
66500 10895
66600 10907
66700 10924
66800 10938
66900 10957
67000 10971
67100 10989
67200 11002
67300 11015
67400 11026
67500 11042
67600 11056
67700 11071
67800 11085
67900 11099
68000 11110
68100 11130
68200 11142
68300 11145
68400 11154
68500 11160
68600 11164
68700 11176
68800 11191
68900 11205
69000 11219
69100 11231
69200 11243
69300 11255
69400 11268
69500 11280
69600 11286
69700 11293
69800 11306
69900 11313
70000 11335
70100 11345
70200 11350
70300 11363
70400 11373
70500 11385
70600 11400
70700 11407
70800 11417
70900 11426
71000 11436
71100 11444
71200 11451
71300 11454
71400 11458
71500 11466
71600 11470
71700 11480
71800 11485
71900 11501
72000 11515
72100 11522
72200 11532
72300 11543
72400 11553
72500 11563
72600 11574
72700 11581
72800 11590
72900 11602
73000 11614
73100 11626
73200 11644
73300 11652
73400 11672
73500 11683
73600 11690
73700 11700
73800 11716
73900 11727
74000 11741
74100 11755
74200 11776
74300 11799
74400 11824
74500 11850
74600 11862
74700 11876
74800 11887
74900 11897
75000 11913
75100 11924
75200 11931
75300 11939
75400 11944
75500 11953
75600 11962
75700 11973
75800 11983
75900 11990
76000 11999
76100 12011
76200 12022
76300 12039
76400 12050
76500 12065
76600 12080
76700 12092
76800 12104
76900 12118
77000 12124
77100 12127
77200 12135
77300 12144
77400 12153
77500 12170
77600 12173
77700 12176
77800 12183
77900 12192
78000 12203
78100 12214
78200 12222
78300 12229
78400 12239
78500 12255
78600 12265
78700 12266
78800 12272
78900 12278
79000 12286
79100 12292
79200 12302
79300 12306
79400 12313
79500 12320
79600 12326
79700 12332
79800 12339
79900 12346
80000 12350
80100 12357
80200 12363
80300 12368
80400 12377
80500 12385
80600 12389
80700 12397
80800 12409
80900 12420
81000 12431
81100 12445
81200 12453
81300 12458
81400 12466
81500 12483
81600 12489
81700 12502
81800 12514
81900 12519
82000 12536
82100 12550
82200 12570
82300 12585
82400 12595
82500 12608
82600 12621
82700 12626
82800 12634
82900 12646
83000 12659
83100 12672
83200 12688
83300 12703
83400 12710
83500 12718
83600 12722
83700 12726
83800 12741
83900 12753
84000 12759
84100 12772
84200 12776
84300 12781
84400 12790
84500 12801
84600 12810
84700 12824
84800 12828
84900 12833
85000 12844
85100 12851
85200 12861
85300 12874
85400 12884
85500 12896
85600 12906
85700 12919
85800 12930
85900 12942
86000 12947
86100 12952
86200 12963
86300 12973
86400 12996
86500 13004
86600 13015
86700 13030
86800 13039
86900 13052
87000 13060
87100 13064
87200 13079
87300 13094
87400 13114
87500 13135
87600 13148
87700 13158
87800 13171
87900 13176
88000 13182
88100 13189
88200 13197
88300 13206
88400 13212
88500 13220
88600 13226
88700 13239
88800 13251
88900 13264
89000 13272
89100 13286
89200 13291
89300 13295
89400 13302
89500 13304
89600 13311
89700 13325
89800 13330
89900 13342
90000 13352
90100 13362
90200 13369
90300 13375
90400 13386
90500 13395
90600 13405
90700 13419
90800 13425
90900 13433
91000 13438
91100 13450
91200 13454
91300 13464
91400 13470
91500 13477
91600 13482
91700 13489
91800 13494
91900 13497
92000 13504
92100 13513
92200 13521
92300 13537
92400 13553
92500 13566
92600 13579
92700 13586
92800 13597
92900 13605
93000 13613
93100 13622
93200 13633
93300 13639
93400 13645
93500 13657
93600 13670
93700 13682
93800 13699
93900 13718
94000 13738
94100 13750
94200 13765
94300 13773
94400 13788
94500 13804
94600 13813
94700 13829
94800 13840
94900 13857
95000 13871
95100 13887
95200 13902
95300 13907
95400 13911
95500 13918
95600 13929
95700 13940
95800 13953
95900 13968
96000 13981
96100 13989
96200 13991
96300 13996
96400 14000
96500 14010
96600 14013
96700 14020
96800 14035
96900 14045
97000 14056
97100 14064
97200 14071
97300 14080
97400 14089
97500 14096
97600 14105
97700 14110
97800 14117
97900 14124
98000 14128
98100 14133
98200 14136
98300 14148
98400 14159
98500 14168
98600 14185
98700 14204
98800 14216
98900 14229
99000 14245
99100 14260
99200 14266
99300 14270
99400 14275
99500 14288
99600 14290
99700 14300
99800 14311
99900 14319
100000 14326
100100 14338
100200 14351
100300 14356
100400 14364
100500 14367
100600 14374
100700 14380
100800 14392
100900 14399
101000 14406
101100 14416
101200 14426
101300 14432
101400 14437
101500 14442
101600 14444
101700 14456
101800 14464
101900 14473
102000 14479
102100 14492
102200 14504
102300 14511
102400 14519
102500 14535
102600 14544
102700 14546
102800 14557
102900 14563
103000 14571
103100 14582
103200 14596
103300 14601
103400 14606
103500 14607
103600 14611
103700 14625
103800 14631
103900 14637
104000 14647
104100 14654
104200 14662
104300 14668
104400 14676
104500 14695
104600 14708
104700 14727
104800 14738
104900 14748
105000 14759
105100 14765
105200 14775
105300 14782
105400 14795
105500 14805
105600 14812
105700 14820
105800 14828
105900 14838
106000 14852
106100 14867
106200 14879
106300 14889
106400 14900
106500 14906
106600 14908
106700 14913
106800 14916
106900 14921
107000 14929
107100 14934
107200 14937
107300 14940
107400 14947
107500 14955
107600 14960
107700 14969
107800 14974
107900 14980
108000 14985
108100 14990
108200 14997
108300 15000
108400 15006
108500 15013
108600 15023
108700 15035
108800 15043
108900 15051
109000 15061
109100 15075
109200 15082
109300 15084
109400 15093
109500 15103
109600 15110
109700 15114
109800 15127
109900 15136
110000 15145
110100 15154
110200 15162
110300 15179
110400 15192
110500 15210
110600 15219
110700 15230
110800 15242
110900 15257
111000 15270
111100 15290
111200 15299
111300 15311
111400 15323
111500 15331
111600 15342
111700 15353
111800 15368
111900 15377
112000 15385
112100 15392
112200 15395
112300 15409
112400 15415
112500 15421
112600 15429
112700 15439
112800 15456
112900 15462
113000 15466
113100 15471
113200 15482
113300 15493
113400 15501
113500 15506
113600 15511
113700 15521
113800 15523
113900 15531
114000 15535
114100 15543
114200 15550
114300 15566
114400 15580
114500 15585
114600 15587
114700 15593
114800 15598
114900 15603
115000 15610
115100 15620
115200 15637
115300 15648
115400 15663
115500 15673
115600 15677
115700 15681
115800 15686
115900 15690
116000 15692
116100 15698
116200 15710
116300 15716
116400 15721
116500 15729
116600 15739
116700 15753
116800 15774
116900 15791
117000 15804
117100 15820
117200 15834
117300 15840
117400 15849
117500 15858
117600 15864
117700 15871
117800 15877
117900 15886
118000 15892
118100 15900
118200 15902
118300 15909
118400 15916
118500 15920
118600 15934
118700 15941
118800 15951
118900 15965
119000 15968
119100 15980
119200 15987
119300 15994
119400 16012
119500 16034
119600 16042
119700 16060
119800 16067
119900 16070
120000 16082
120100 16088
120200 16097
120300 16102
120400 16108
120500 16113
120600 16129
120700 16143
120800 16151
120900 16163
121000 16172
121100 16180
121200 16186
121300 16190
121400 16196
121500 16206
121600 16217
121700 16225
121800 16233
121900 16240
122000 16258
122100 16271
122200 16278
122300 16284
122400 16299
122500 16300
122600 16301
122700 16303
122800 16307
122900 16315
123000 16318
123100 16325
123200 16332
123300 16338
123400 16345
123500 16351
123600 16357
123700 16365
123800 16375
123900 16383
124000 16390
124100 16399
124200 16407
124300 16417
124400 16421
124500 16433
124600 16444
124700 16452
124800 16462
124900 16471
125000 16477
125100 16484
125200 16491
125300 16505
125400 16513
125500 16521
125600 16532
125700 16539
125800 16551
125900 16566
126000 16571
126100 16581
126200 16594
126300 16608
126400 16612
126500 16625
126600 16634
126700 16645
126800 16651
126900 16655
127000 16659
127100 16665
127200 16669
127300 16673
127400 16674
127500 16680
127600 16691
127700 16705
127800 16717
127900 16732
128000 16738
128100 16746
128200 16751
128300 16760
128400 16774
128500 16781
128600 16795
128700 16802
128800 16810
128900 16823
129000 16835
129100 16843
129200 16849
129300 16863
129400 16870
129500 16875
129600 16882
129700 16890
129800 16901
129900 16920
130000 16930
130100 16934
130200 16948
130300 16957
130400 16966
130500 16980
130600 16988
130700 16998
130800 17012
130900 17019
131000 17034
131100 17045
131200 17059
131300 17069
131400 17082
131500 17088
131600 17102
131700 17109
131800 17120
131900 17131
132000 17140
132100 17150
132200 17159
132300 17167
132400 17175
132500 17185
132600 17193
132700 17203
132800 17215
132900 17225
133000 17230
133100 17237
133200 17245
133300 17250
133400 17256
133500 17256
133600 17265
133700 17268
133800 17282
133900 17290
134000 17301
134100 17317
134200 17326
134300 17333
134400 17342
134500 17349
134600 17358
134700 17362
134800 17370
134900 17375
135000 17387
135100 17393
135200 17396
135300 17405
135400 17408
135500 17415
135600 17420
135700 17423
135800 17430
135900 17444
136000 17459
136100 17475
136200 17485
136300 17493
136400 17500
136500 17515
136600 17522
136700 17533
136800 17537
136900 17543
137000 17552
137100 17559
137200 17568
137300 17577
137400 17583
137500 17589
137600 17595
137700 17603
137800 17607
137900 17609
138000 17617
138100 17622
138200 17627
138300 17633
138400 17653
138500 17663
138600 17678
138700 17690
138800 17703
138900 17713
139000 17725
139100 17731
139200 17737
139300 17742
139400 17746
139500 17761
139600 17771
139700 17781
139800 17788
139900 17799
140000 17805
140100 17807
140200 17816
140300 17826
140400 17834
140500 17840
140600 17852
140700 17857
140800 17864
140900 17868
141000 17872
141100 17881
141200 17885
141300 17890
141400 17898
141500 17905
141600 17909
141700 17913
141800 17921
141900 17930
142000 17936
142100 17941
142200 17943
142300 17952
142400 17960
142500 17970
142600 17986
142700 17987
142800 17995
142900 17998
143000 18010
143100 18023
143200 18035
143300 18043
143400 18051
143500 18062
143600 18064
143700 18072
143800 18081
143900 18083
144000 18085
144100 18092
144200 18103
144300 18113
144400 18123
144500 18127
144600 18137
144700 18147
144800 18156
144900 18164
145000 18167
145100 18174
145200 18182
145300 18185
145400 18192
145500 18202
145600 18204
145700 18220
145800 18227
145900 18230
146000 18242
146100 18258
146200 18259
146300 18266
146400 18276
146500 18286
146600 18295
146700 18304
146800 18307
146900 18321
147000 18338
147100 18351
147200 18358
147300 18366
147400 18371
147500 18377
147600 18383
147700 18386
147800 18394
147900 18398
148000 18407
148100 18410
148200 18419
148300 18433
148400 18443
148500 18448
148600 18451
148700 18455
148800 18464
148900 18468
149000 18473
149100 18479
149200 18491
149300 18504
149400 18514
149500 18520
149600 18524
149700 18539
149800 18558
149900 18566
150000 18580
150100 18586
150200 18593
150300 18595
150400 18599
150500 18610
150600 18617
150700 18622
150800 18625
150900 18638
151000 18642
151100 18649
151200 18657
151300 18668
151400 18680
151500 18694
151600 18704
151700 18712
151800 18722
151900 18731
152000 18740
152100 18744
152200 18757
152300 18763
152400 18771
152500 18784
152600 18787
152700 18793
152800 18803
152900 18811
153000 18820
153100 18823
153200 18828
153300 18837
153400 18844
153500 18852
153600 18858
153700 18866
153800 18872
153900 18886
154000 18893
154100 18898
154200 18904
154300 18914
154400 18923
154500 18926
154600 18940
154700 18956
154800 18971
154900 18980
155000 18982
155100 18988
155200 18991
155300 18999
155400 19012
155500 19019
155600 19026
155700 19032
155800 19042
155900 19049
156000 19054
156100 19062
156200 19067
156300 19069
156400 19076
156500 19084
156600 19086
156700 19089
156800 19099
156900 19102
157000 19106
157100 19110
157200 19111
157300 19118
157400 19123
157500 19134
157600 19142
157700 19154
157800 19159
157900 19177
158000 19181
158100 19187
158200 19199
158300 19205
158400 19211
158500 19221
158600 19230
158700 19235
158800 19241
158900 19248
159000 19253
159100 19259
159200 19269
159300 19277
159400 19290
159500 19294
159600 19299
159700 19305
159800 19308
159900 19313
160000 19321
160100 19336
160200 19350
160300 19356
160400 19366
160500 19379
160600 19388
160700 19392
160800 19399
160900 19406
161000 19412
161100 19413
161200 19415
161300 19419
161400 19423
161500 19433
161600 19453
161700 19456
161800 19466
161900 19473
162000 19477
162100 19483
162200 19491
162300 19497
162400 19517
162500 19526
162600 19535
162700 19550
162800 19558
162900 19568
163000 19573
163100 19582
163200 19599
163300 19607
163400 19614
163500 19626
163600 19639
163700 19645
163800 19656
163900 19669
164000 19674
164100 19679
164200 19693
164300 19697
164400 19706
164500 19719
164600 19725
164700 19737
164800 19744
164900 19757
165000 19769
165100 19784
165200 19794
165300 19806
165400 19811
165500 19817
165600 19825
165700 19836
165800 19843
165900 19849
166000 19856
166100 19861
166200 19863
166300 19868
166400 19876
166500 19880
166600 19896
166700 19904
166800 19917
166900 19923
167000 19924
167100 19930
167200 19942
167300 19946
167400 19957
167500 19972
167600 19977
167700 19985
167800 19994
167900 20005
168000 20008
168100 20011
168200 20019
168300 20025
168400 20032
168500 20041
168600 20052
168700 20066
168800 20074
168900 20086
169000 20096
169100 20104
169200 20105
169300 20107
169400 20110
169500 20115
169600 20117
169700 20123
169800 20134
169900 20138
170000 20144
170100 20147
170200 20154
170300 20160
170400 20169
170500 20176
170600 20181
170700 20189
170800 20195
170900 20205
171000 20213
171100 20217
171200 20226
171300 20244
171400 20250
171500 20259
171600 20268
171700 20275
171800 20281
171900 20295
172000 20298
172100 20300
172200 20304
172300 20309
172400 20312
172500 20315
172600 20328
172700 20332
172800 20349
172900 20359
173000 20377
173100 20386
173200 20392
173300 20395
173400 20406
173500 20416
173600 20420
173700 20425
173800 20429
173900 20436
174000 20443
174100 20449
174200 20462
174300 20478
174400 20487
174500 20494
174600 20505
174700 20508
174800 20511
174900 20518
175000 20528
175100 20530
175200 20537
175300 20540
175400 20556
175500 20570
175600 20580
175700 20585
175800 20594
175900 20605
176000 20606
176100 20607
176200 20611
176300 20622
176400 20636
176500 20649
176600 20662
176700 20667
176800 20672
176900 20679
177000 20683
177100 20690
177200 20697
177300 20702
177400 20711
177500 20717
177600 20724
177700 20737
177800 20747
177900 20753
178000 20761
178100 20764
178200 20766
178300 20773
178400 20778
178500 20781
178600 20783
178700 20788
178800 20798
178900 20798
179000 20805
179100 20808
179200 20818
179300 20829
179400 20844
179500 20859
179600 20868
179700 20877
179800 20883
179900 20892
180000 20903
180100 20909
180200 20915
180300 20929
180400 20941
180500 20950
180600 20970
180700 20991
180800 21001
180900 21016
181000 21034
181100 21037
181200 21045
181300 21051
181400 21060
181500 21070
181600 21079
181700 21092
181800 21099
181900 21109
182000 21121
182100 21128
182200 21132
182300 21137
182400 21147
182500 21159
182600 21166
182700 21170
182800 21180
182900 21185
183000 21188
183100 21194
183200 21200
183300 21204
183400 21206
183500 21210
183600 21213
183700 21220
183800 21225
183900 21230
184000 21235
184100 21238
184200 21248
184300 21252
184400 21261
184500 21269
184600 21272
184700 21284
184800 21290
184900 21298
185000 21301
185100 21312
185200 21321
185300 21328
185400 21333
185500 21341
185600 21354
185700 21362
185800 21364
185900 21374
186000 21386
186100 21394
186200 21400
186300 21409
186400 21412
186500 21421
186600 21427
186700 21434
186800 21439
186900 21442
187000 21447
187100 21453
187200 21455
187300 21464
187400 21467
187500 21471
187600 21477
187700 21486
187800 21497
187900 21510
188000 21519
188100 21524
188200 21528
188300 21533
188400 21540
188500 21545
188600 21556
188700 21559
188800 21561
188900 21565
189000 21570
189100 21580
189200 21582
189300 21593
189400 21596
189500 21604
189600 21612
189700 21617
189800 21622
189900 21625
190000 21627
190100 21635
190200 21642
190300 21650
190400 21656
190500 21668
190600 21675
190700 21679
190800 21687
190900 21695
191000 21701
191100 21715
191200 21735
191300 21752
191400 21763
191500 21769
191600 21773
191700 21778
191800 21783
191900 21790
192000 21795
192100 21797
192200 21805
192300 21807
192400 21814
192500 21821
192600 21827
192700 21833
192800 21834
192900 21844
193000 21851
193100 21855
193200 21861
193300 21868
193400 21873
193500 21881
193600 21888
193700 21898
193800 21902
193900 21906
194000 21910
194100 21918
194200 21925
194300 21932
194400 21934
194500 21939
194600 21948
194700 21953
194800 21961
194900 21975
195000 21984
195100 21988
195200 21991
195300 22001
195400 22009
195500 22023
195600 22027
195700 22033
195800 22040
195900 22045
196000 22050
196100 22052
196200 22060
196300 22065
196400 22069
196500 22071
196600 22077
196700 22079
196800 22080
196900 22082
197000 22088
197100 22096
197200 22108
197300 22116
197400 22123
197500 22127
197600 22129
197700 22136
197800 22142
197900 22152
198000 22168
198100 22178
198200 22182
198300 22186
198400 22193
198500 22198
198600 22206
198700 22213
198800 22219
198900 22227
199000 22239
199100 22251
199200 22260
199300 22275
199400 22286
199500 22294
199600 22301
199700 22308
199800 22316
199900 22321
200000 22327
200100 22336
200200 22340
200300 22349
200400 22360
200500 22370
200600 22384
200700 22391
200800 22404
200900 22418
201000 22422
201100 22424
201200 22430
201300 22433
201400 22440
201500 22445
201600 22452
201700 22457
201800 22471
201900 22475
202000 22478
202100 22481
202200 22484
202300 22490
202400 22499
202500 22502
202600 22512
202700 22521
202800 22533
202900 22544
203000 22549
203100 22552
203200 22559
203300 22559
203400 22563
203500 22567
203600 22574
203700 22579
203800 22583
203900 22587
204000 22590
204100 22597
204200 22604
204300 22606
204400 22611
204500 22620
204600 22626
204700 22632
204800 22643
204900 22649
205000 22652
205100 22659
205200 22665
205300 22668
205400 22678
205500 22681
205600 22687
205700 22698
205800 22707
205900 22708
206000 22712
206100 22717
206200 22723
206300 22725
206400 22730
206500 22733
206600 22743
206700 22762
206800 22773
206900 22780
207000 22792
207100 22802
207200 22812
207300 22819
207400 22830
207500 22837
207600 22845
207700 22861
207800 22875
207900 22881
208000 22884
208100 22894
208200 22899
208300 22904
208400 22907
208500 22908
208600 22918
208700 22923
208800 22930
208900 22935
209000 22942
209100 22946
209200 22953
209300 22962
209400 22969
209500 22972
209600 22977
209700 22985
209800 22991
209900 22995
210000 23001
210100 23014
210200 23027
210300 23031
210400 23039
210500 23042
210600 23057
210700 23060
210800 23067
210900 23072
211000 23077
211100 23083
211200 23086
211300 23095
211400 23102
211500 23108
211600 23110
211700 23115
211800 23119
211900 23123
212000 23125
212100 23131
212200 23141
212300 23143
212400 23145
212500 23151
212600 23157
212700 23167
212800 23170
212900 23179
213000 23184
213100 23195
213200 23201
213300 23206
213400 23211
213500 23217
213600 23222
213700 23226
213800 23229
213900 23233
214000 23242
214100 23249
214200 23255
214300 23257
214400 23263
214500 23270
214600 23278
214700 23285
214800 23293
214900 23295
215000 23299
215100 23302
215200 23311
215300 23320
215400 23325
215500 23332
215600 23339
215700 23345
215800 23356
215900 23365
216000 23370
216100 23371
216200 23372
216300 23378
216400 23379
216500 23382
216600 23391
216700 23397
216800 23405
216900 23412
217000 23421
217100 23426
217200 23430
217300 23439
217400 23447
217500 23456
217600 23466
217700 23470
217800 23471
217900 23484
218000 23494
218100 23496
218200 23506
218300 23516
218400 23523
218500 23529
218600 23532
218700 23538
218800 23542
218900 23549
219000 23557
219100 23562
219200 23564
219300 23573
219400 23580
219500 23591
219600 23596
219700 23605
219800 23610
219900 23613
220000 23625
220100 23629
220200 23636
220300 23645
220400 23650
220500 23657
220600 23657
220700 23666
220800 23674
220900 23683
221000 23687
221100 23693
221200 23694
221300 23701
221400 23711
221500 23716
221600 23725
221700 23736
221800 23741
221900 23744
222000 23747
222100 23749
222200 23753
222300 23761
222400 23773
222500 23777
222600 23781
222700 23786
222800 23790
222900 23797
223000 23804
223100 23810
223200 23818
223300 23827
223400 23834
223500 23838
223600 23843
223700 23851
223800 23855
223900 23862
224000 23868
224100 23884
224200 23897
224300 23906
224400 23909
224500 23914
224600 23917
224700 23926
224800 23935
224900 23939
225000 23941
225100 23946
225200 23952
225300 23959
225400 23968
225500 23972
225600 23975
225700 23978
225800 23984
225900 23989
226000 23994
226100 23999
226200 24007
226300 24010
226400 24014
226500 24021
226600 24026
226700 24029
226800 24032
226900 24038
227000 24042
227100 24045
227200 24048
227300 24051
227400 24053
227500 24058
227600 24064
227700 24071
227800 24077
227900 24079
228000 24083
228100 24089
228200 24098
228300 24100
228400 24102
228500 24110
228600 24115
228700 24119
228800 24122
228900 24124
229000 24127
229100 24134
