100 44
200 77
300 113
400 139
500 161
600 186
700 209
800 237
900 261
1000 276
1100 291
1200 310
1300 331
1400 348
1500 370
1600 389
1700 410
1800 421
1900 437
2000 454
2100 469
2200 482
2300 494
2400 522
2500 544
2600 562
2700 580
2800 592
2900 605
3000 624
3100 641
3200 655
3300 675
3400 692
3500 707
3600 723
3700 740
3800 754
3900 768
4000 782
4100 800
4200 818
4300 833
4400 852
4500 870
4600 883
4700 888
4800 908
4900 926
5000 944
5100 954
5200 968
5300 982
5400 1002
5500 1016
5600 1026
5700 1045
5800 1063
5900 1076
6000 1095
6100 1106
6200 1123
6300 1131
6400 1150
6500 1158
6600 1171
6700 1193
6800 1200
6900 1221
7000 1226
7100 1232
7200 1239
7300 1248
7400 1261
7500 1268
7600 1278
7700 1291
7800 1302
7900 1319
8000 1338
8100 1357
8200 1378
8300 1391
8400 1405
8500 1419
8600 1436
8700 1456
8800 1471
8900 1490
9000 1499
9100 1507
9200 1515
9300 1528
9400 1540
9500 1556
9600 1570
9700 1584
9800 1597
9900 1614
10000 1625
10100 1634
10200 1642
10300 1655
10400 1662
10500 1683
10600 1690
10700 1698
10800 1707
10900 1721
11000 1735
11100 1747
11200 1761
11300 1775
11400 1786
11500 1795
11600 1803
11700 1812
11800 1821
11900 1831
12000 1842
12100 1865
12200 1878
12300 1896
12400 1908
12500 1924
12600 1930
12700 1939
12800 1954
12900 1969
13000 1980
13100 2000
13200 2026
13300 2044
13400 2069
13500 2094
13600 2117
13700 2125
13800 2131
13900 2144
14000 2155
14100 2163
14200 2172
14300 2186
14400 2194
14500 2202
14600 2211
14700 2226
14800 2236
14900 2244
15000 2254
15100 2262
15200 2276
15300 2283
15400 2291
15500 2296
15600 2301
15700 2311
15800 2313
15900 2319
16000 2328
16100 2341
16200 2349
16300 2356
16400 2363
16500 2367
16600 2373
16700 2382
16800 2396
16900 2406
17000 2417
17100 2427
17200 2438
17300 2448
17400 2461
17500 2484
17600 2502
17700 2520
17800 2532
17900 2535
18000 2540
18100 2547
18200 2551
18300 2559
18400 2564
18500 2576
18600 2599
18700 2615
18800 2626
18900 2638
19000 2651
19100 2657
19200 2667
19300 2679
19400 2694
19500 2704
19600 2710
19700 2713
19800 2724
19900 2736
20000 2747
20100 2755
20200 2762
20300 2775
20400 2786
20500 2796
20600 2799
20700 2808
20800 2822
20900 2832
21000 2842
21100 2847
21200 2858
21300 2871
21400 2878
21500 2885
21600 2896
21700 2912
21800 2919
21900 2934
22000 2940
22100 2946
22200 2958
22300 2965
22400 2973
22500 2983
22600 2998
22700 3006
22800 3013
22900 3025
23000 3036
23100 3052
23200 3069
23300 3084
23400 3093
23500 3105
23600 3113
23700 3119
23800 3128
23900 3132
24000 3139
24100 3144
24200 3155
24300 3171
24400 3179
24500 3189
24600 3200
24700 3214
24800 3228
24900 3239
25000 3245
25100 3256
25200 3266
25300 3282
25400 3287
25500 3297
25600 3309
25700 3316
25800 3329
25900 3345
26000 3362
26100 3366
26200 3371
26300 3377
26400 3383
26500 3392
26600 3397
26700 3404
26800 3411
26900 3418
27000 3430
27100 3433
27200 3441
27300 3450
27400 3461
27500 3467
27600 3480
27700 3484
27800 3494
27900 3504
28000 3518
28100 3529
28200 3536
28300 3541
28400 3551
28500 3557
28600 3562
28700 3573
28800 3578
28900 3584
29000 3590
29100 3596
29200 3608
29300 3617
29400 3630
29500 3637
29600 3648
29700 3658
29800 3667
29900 3675
30000 3677
30100 3685
30200 3692
30300 3699
30400 3701
30500 3718
30600 3723
30700 3733
30800 3741
30900 3754
31000 3763
31100 3773
31200 3778
31300 3784
31400 3787
31500 3796
31600 3808
31700 3818
31800 3824
31900 3836
32000 3845
32100 3851
32200 3858
32300 3868
32400 3872
32500 3886
32600 3891
32700 3900
32800 3905
32900 3914
33000 3920
33100 3930
33200 3937
33300 3941
33400 3948
33500 3953
33600 3959
33700 3968
33800 3969
33900 3976
34000 3988
34100 3994
34200 3998
34300 4003
34400 4013
34500 4020
34600 4024
34700 4032
34800 4047
34900 4050
35000 4060
35100 4066
35200 4078
35300 4084
35400 4090
35500 4102
35600 4108
35700 4112
35800 4117
35900 4121
36000 4123
36100 4132
36200 4136
36300 4142
36400 4149
36500 4154
36600 4163
36700 4172
36800 4179
36900 4184
37000 4193
37100 4195
37200 4206
37300 4212
37400 4215
37500 4218
37600 4223
37700 4234
37800 4238
37900 4243
38000 4250
38100 4259
38200 4267
38300 4275
38400 4278
38500 4282
38600 4286
38700 4290
38800 4294
38900 4301
39000 4306
39100 4311
39200 4314
39300 4320
39400 4323
39500 4328
39600 4341
39700 4356
39800 4366
39900 4374
40000 4380
40100 4391
40200 4405
40300 4420
40400 4427
40500 4430
40600 4435
40700 4443
40800 4445
40900 4451
41000 4459
41100 4471
41200 4476
41300 4485
41400 4489
41500 4495
41600 4505
41700 4516
41800 4523
41900 4528
42000 4537
42100 4543
42200 4546
42300 4556
42400 4563
42500 4565
42600 4570
42700 4581
42800 4587
42900 4588
43000 4591
43100 4596
43200 4604
43300 4606
43400 4614
43500 4623
43600 4630
43700 4636
43800 4642
43900 4649
44000 4660
44100 4669
44200 4675
44300 4682
44400 4691
44500 4700
44600 4707
44700 4712
44800 4717
44900 4722
45000 4726
45100 4730
45200 4737
45300 4744
45400 4752
45500 4756
45600 4764
45700 4774
45800 4785
45900 4791
46000 4796
46100 4801
46200 4804
46300 4808
46400 4815
46500 4821
46600 4823
46700 4827
46800 4835
46900 4839
47000 4840
47100 4847
47200 4850
47300 4856
47400 4859
47500 4863
47600 4866
47700 4868
47800 4881
47900 4892
48000 4904
48100 4907
48200 4910
48300 4915
48400 4920
48500 4931
48600 4934
48700 4938
48800 4948
48900 4955
49000 4962
49100 4969
49200 4972
49300 4976
49400 4984
49500 4993
49600 4999
49700 5003
49800 5009
49900 5016
50000 5023
50100 5026
50200 5032
50300 5039
50400 5046
50500 5052
50600 5065
50700 5076
50800 5082
50900 5089
51000 5096
51100 5101
51200 5109
51300 5116
51400 5118
51500 5122
51600 5127
51700 5133
51800 5141
51900 5147
52000 5156
52100 5159
52200 5166
52300 5174
52400 5176
52500 5183
52600 5187
52700 5192
52800 5206
52900 5210
53000 5216
53100 5224
53200 5228
53300 5232
53400 5246
53500 5258
53600 5267
53700 5277
53800 5279
53900 5287
54000 5292
54100 5299
54200 5303
54300 5305
54400 5311
54500 5314
54600 5324
54700 5334
54800 5340
54900 5345
55000 5349
55100 5355
55200 5363
55300 5366
55400 5375
55500 5378
55600 5382
55700 5389
55800 5396
55900 5400
56000 5406
56100 5411
56200 5415
56300 5419
56400 5422
56500 5427
56600 5433
56700 5439
56800 5446
56900 5449
57000 5453
57100 5455
57200 5457
57300 5461
57400 5464
57500 5469
57600 5476
57700 5477
57800 5482
57900 5488
58000 5497
58100 5504
58200 5514
58300 5518
58400 5521
58500 5527
58600 5532
58700 5539
58800 5545
58900 5553
59000 5555
59100 5565
59200 5572
59300 5581
59400 5585
59500 5588
59600 5594
59700 5599
59800 5608
59900 5613
60000 5620
60100 5634
60200 5639
60300 5643
60400 5648
60500 5657
60600 5668
60700 5673
60800 5679
60900 5684
61000 5693
61100 5701
61200 5708
61300 5714
61400 5727
61500 5737
61600 5742
61700 5748
61800 5753
61900 5761
62000 5764
62100 5773
62200 5779
62300 5785
62400 5795
62500 5805
62600 5811
62700 5816
62800 5822
62900 5827
63000 5835
63100 5839
63200 5847
63300 5856
63400 5863
63500 5873
63600 5877
63700 5879
63800 5882
63900 5886
64000 5888
64100 5894
64200 5901
64300 5908
64400 5911
64500 5918
64600 5923
64700 5930
64800 5937
64900 5947
65000 5953
65100 5956
65200 5957
65300 5959
65400 5963
65500 5969
65600 5978
65700 5985
65800 5990
65900 6000
66000 6008
66100 6011
66200 6019
66300 6025
66400 6034
66500 6040
66600 6045
66700 6053
66800 6062
66900 6077
67000 6087
67100 6093
67200 6101
67300 6107
67400 6111
67500 6114
67600 6119
67700 6123
67800 6124
67900 6131
68000 6134
68100 6137
68200 6143
68300 6150
68400 6154
68500 6163
68600 6170
68700 6174
68800 6182
68900 6186
69000 6192
69100 6193
69200 6205
69300 6206
69400 6213
69500 6217
69600 6223
69700 6226
69800 6232
69900 6239
70000 6244
70100 6249
70200 6250
70300 6252
70400 6260
70500 6264
70600 6265
70700 6272
70800 6279
70900 6281
71000 6288
71100 6294
71200 6298
71300 6306
71400 6314
71500 6324
71600 6325
71700 6328
71800 6330
71900 6337
72000 6346
72100 6353
72200 6363
72300 6365
72400 6371
72500 6377
72600 6384
72700 6395
72800 6399
72900 6410
73000 6418
73100 6426
73200 6434
73300 6434
73400 6440
73500 6442
73600 6450
73700 6453
73800 6459
73900 6462
74000 6472
74100 6481
74200 6492
74300 6495
74400 6503
74500 6512
74600 6516
74700 6521
74800 6527
74900 6528
75000 6532
75100 6539
75200 6547
75300 6555
75400 6557
75500 6565
75600 6573
75700 6576
75800 6584
75900 6587
76000 6596
76100 6606
76200 6610
76300 6613
76400 6616
76500 6622
76600 6624
76700 6639
76800 6645
76900 6649
77000 6658
77100 6662
77200 6673
77300 6674
77400 6678
77500 6685
77600 6685
77700 6695
77800 6701
77900 6707
78000 6712
78100 6716
78200 6719
78300 6723
78400 6735
78500 6736
78600 6740
78700 6745
78800 6746
78900 6748
79000 6751
79100 6753
79200 6757
79300 6764
79400 6770
79500 6777
79600 6780
79700 6784
79800 6786
79900 6790
80000 6792
80100 6797
80200 6800
80300 6808
80400 6815
80500 6823
80600 6827
80700 6838
80800 6851
80900 6855
81000 6868
81100 6873
81200 6882
81300 6888
81400 6895
81500 6906
81600 6914
81700 6921
81800 6928
81900 6931
82000 6934
82100 6937
82200 6942
82300 6945
82400 6956
82500 6967
82600 6980
82700 6993
82800 7008
82900 7015
83000 7021
83100 7023
83200 7028
83300 7032
83400 7036
83500 7041
83600 7044
83700 7047
83800 7060
83900 7062
84000 7065
84100 7075
84200 7083
84300 7089
84400 7097
84500 7106
84600 7113
84700 7120
84800 7126
84900 7138
85000 7143
85100 7151
85200 7155
85300 7160
85400 7164
85500 7167
85600 7173
85700 7180
85800 7185
85900 7187
86000 7192
86100 7196
86200 7200
86300 7206
86400 7220
86500 7233
86600 7240
86700 7247
86800 7257
86900 7266
87000 7271
87100 7275
87200 7279
87300 7285
87400 7293
87500 7306
87600 7320
87700 7327
87800 7337
87900 7342
88000 7351
88100 7359
88200 7364
88300 7369
88400 7373
88500 7375
88600 7379
88700 7381
88800 7386
88900 7392
89000 7399
89100 7405
89200 7408
89300 7411
89400 7414
89500 7419
89600 7426
89700 7428
89800 7433
89900 7437
90000 7438
90100 7438
90200 7440
90300 7444
90400 7452
90500 7453
90600 7454
90700 7456
90800 7463
90900 7468
91000 7470
91100 7473
91200 7478
91300 7480
91400 7489
91500 7496
91600 7503
91700 7504
91800 7511
91900 7518
92000 7523
92100 7528
92200 7533
92300 7537
92400 7541
92500 7549
92600 7553
92700 7559
92800 7569
92900 7576
93000 7582
93100 7590
93200 7603
93300 7610
93400 7615
93500 7622
93600 7629
93700 7630
93800 7634
93900 7639
94000 7643
94100 7649
94200 7661
94300 7664
94400 7666
94500 7669
94600 7672
94700 7677
94800 7683
94900 7689
95000 7692
95100 7696
95200 7703
95300 7711
95400 7719
95500 7729
95600 7737
95700 7747
95800 7756
95900 7766
96000 7767
96100 7767
96200 7770
96300 7773
96400 7778
96500 7779
96600 7786
96700 7788
96800 7793
96900 7801
97000 7804
97100 7809
97200 7814
97300 7819
97400 7825
97500 7827
97600 7834
97700 7838
97800 7842
97900 7849
98000 7850
98100 7854
98200 7864
98300 7867
98400 7870
98500 7877
98600 7886
98700 7892
98800 7895
98900 7908
99000 7919
99100 7920
99200 7922
99300 7927
99400 7929
99500 7931
99600 7938
99700 7943
99800 7947
99900 7951
100000 7956
100100 7963
100200 7973
100300 7979
100400 7982
100500 7990
100600 7996
100700 8002
100800 8009
100900 8013
101000 8016
101100 8020
101200 8026
101300 8033
101400 8040
101500 8043
101600 8055
101700 8059
101800 8062
101900 8065
102000 8068
102100 8070
102200 8075
102300 8079
102400 8085
102500 8092
102600 8095
102700 8101
102800 8101
102900 8109
103000 8111
103100 8112
103200 8115
103300 8118
103400 8124
103500 8127
103600 8132
103700 8133
103800 8138
103900 8141
104000 8142
104100 8148
104200 8154
104300 8155
104400 8156
104500 8161
104600 8165
104700 8171
104800 8176
104900 8181
105000 8186
105100 8191
105200 8196
105300 8201
105400 8202
105500 8206
105600 8212
105700 8216
105800 8228
105900 8239
106000 8245
106100 8252
106200 8258
106300 8265
106400 8272
106500 8280
106600 8283
106700 8291
106800 8299
106900 8302
107000 8307
107100 8319
107200 8326
107300 8333
107400 8334
107500 8338
107600 8347
107700 8353
107800 8358
107900 8366
108000 8367
108100 8373
108200 8377
108300 8379
108400 8386
108500 8396
108600 8399
108700 8411
108800 8414
108900 8422
109000 8429
109100 8430
109200 8437
109300 8440
109400 8444
109500 8448
109600 8452
109700 8453
109800 8458
109900 8469
110000 8471
110100 8477
110200 8479
110300 8483
110400 8486
110500 8493
110600 8496
110700 8501
110800 8508
110900 8514
111000 8526
111100 8532
111200 8541
111300 8545
111400 8549
111500 8559
111600 8562
111700 8564
111800 8566
111900 8568
112000 8571
112100 8575
112200 8584
112300 8591
112400 8598
112500 8611
112600 8614
112700 8621
112800 8631
112900 8636
113000 8642
113100 8647
113200 8649
113300 8658
113400 8664
113500 8668
113600 8671
113700 8675
113800 8681
113900 8684
114000 8692
114100 8703
114200 8714
114300 8721
114400 8728
114500 8734
114600 8739
114700 8743
114800 8746
114900 8750
115000 8755
115100 8762
115200 8772
115300 8778
115400 8787
115500 8790
115600 8792
115700 8795
115800 8798
115900 8798
116000 8801
116100 8807
116200 8812
116300 8813
116400 8817
116500 8817
116600 8819
116700 8825
116800 8831
116900 8838
117000 8847
117100 8853
117200 8859
117300 8863
117400 8866
117500 8871
117600 8871
117700 8873
117800 8880
117900 8886
118000 8892
118100 8896
118200 8901
118300 8907
118400 8915
118500 8922
118600 8933
118700 8939
118800 8945
118900 8950
119000 8955
119100 8957
119200 8963
119300 8968
119400 8973
119500 8985
119600 8993
119700 9005
119800 9011
119900 9014
120000 9017
120100 9020
120200 9021
120300 9024
120400 9027
120500 9033
120600 9039
120700 9045
120800 9048
120900 9053
121000 9062
121100 9069
121200 9079
121300 9085
121400 9092
121500 9097
121600 9100
121700 9104
121800 9112
121900 9118
122000 9128
122100 9137
122200 9147
122300 9157
122400 9160
122500 9165
122600 9168
122700 9174
122800 9178
122900 9183
123000 9191
123100 9192
123200 9195
123300 9203
123400 9210
123500 9214
123600 9220
123700 9221
123800 9222
123900 9225
124000 9227
124100 9228
124200 9230
124300 9235
124400 9236
124500 9238
124600 9240
124700 9241
124800 9251
124900 9256
125000 9258
125100 9262
125200 9267
125300 9269
125400 9277
125500 9283
125600 9288
125700 9290
125800 9294
125900 9300
126000 9309
126100 9314
126200 9315
126300 9321
126400 9327
126500 9329
126600 9336
126700 9342
126800 9345
126900 9348
127000 9353
127100 9356
127200 9363
127300 9367
127400 9372
127500 9373
127600 9383
127700 9386
127800 9394
127900 9405
128000 9416
128100 9432
128200 9436
128300 9443
128400 9444
128500 9448
128600 9453
128700 9456
128800 9458
128900 9460
129000 9461
129100 9463
129200 9464
129300 9466
129400 9475
129500 9477
129600 9481
129700 9486
129800 9489
129900 9492
130000 9494
130100 9502
130200 9504
130300 9507
130400 9508
130500 9515
130600 9521
130700 9525
130800 9528
130900 9533
131000 9541
131100 9544
131200 9552
131300 9553
131400 9556
131500 9564
131600 9565
131700 9568
131800 9571
131900 9575
132000 9580
132100 9586
132200 9592
132300 9597
132400 9603
132500 9605
132600 9610
132700 9614
132800 9620
132900 9625
133000 9629
133100 9635
133200 9640
133300 9645
133400 9653
133500 9655
133600 9657
133700 9659
133800 9661
133900 9663
134000 9665
134100 9669
134200 9678
134300 9683
134400 9689
134500 9692
134600 9700
134700 9706
134800 9711
134900 9714
135000 9716
135100 9718
135200 9724
135300 9734
135400 9743
135500 9750
135600 9760
135700 9768
135800 9777
135900 9787
136000 9795
136100 9807
136200 9815
136300 9822
136400 9824
136500 9828
136600 9834
136700 9836
136800 9841
136900 9845
137000 9850
137100 9854
137200 9860
137300 9868
137400 9870
137500 9882
137600 9887
137700 9893
137800 9895
137900 9897
138000 9904
138100 9911
138200 9914
138300 9917
138400 9918
138500 9924
138600 9931
138700 9938
138800 9942
138900 9947
139000 9952
139100 9957
139200 9962
139300 9965
139400 9968
139500 9970
139600 9973
139700 9977
139800 9981
139900 9984
140000 9987
140100 9992
140200 9992
140300 9993
140400 10000
140500 10005
140600 10011
140700 10017
140800 10026
140900 10027
141000 10032
141100 10036
141200 10037
141300 10038
141400 10040
141500 10042
141600 10043
141700 10047
141800 10057
141900 10060
142000 10063
142100 10071
142200 10078
142300 10084
142400 10092
142500 10101
142600 10108
142700 10117
142800 10118
142900 10120
143000 10121
143100 10127
143200 10132
143300 10139
143400 10142
143500 10144
143600 10154
143700 10158
143800 10162
143900 10168
144000 10173
144100 10180
144200 10188
144300 10193
144400 10198
144500 10202
144600 10206
144700 10209
144800 10211
144900 10221
145000 10231
145100 10234
145200 10242
145300 10248
145400 10252
145500 10255
145600 10258
145700 10264
145800 10269
145900 10272
146000 10275
146100 10279
146200 10283
146300 10287
146400 10292
146500 10300
146600 10305
146700 10309
146800 10318
146900 10323
147000 10327
147100 10329
147200 10331
147300 10335
147400 10341
147500 10345
147600 10347
147700 10352
147800 10360
147900 10364
148000 10371
148100 10375
148200 10375
148300 10380
148400 10385
148500 10389
148600 10393
148700 10400
148800 10406
148900 10408
149000 10414
149100 10419
149200 10423
149300 10427
149400 10436
149500 10445
149600 10448
149700 10449
149800 10460
149900 10469
150000 10472
150100 10476
150200 10478
150300 10481
150400 10484
150500 10489
150600 10490
150700 10491
150800 10492
150900 10492
151000 10494
151100 10496
151200 10500
151300 10506
151400 10510
151500 10514
151600 10518
151700 10522
151800 10523
151900 10526
152000 10527
152100 10528
152200 10535
152300 10544
152400 10544
152500 10549
152600 10553
152700 10558
152800 10561
152900 10569
153000 10571
153100 10582
153200 10588
153300 10592
153400 10595
153500 10599
153600 10606
153700 10611
153800 10618
153900 10620
154000 10621
154100 10622
154200 10624
154300 10629
154400 10633
154500 10637
154600 10641
154700 10644
154800 10650
154900 10653
155000 10656
155100 10660
155200 10667
155300 10671
155400 10675
155500 10678
155600 10681
155700 10687
155800 10689
155900 10696
156000 10705
156100 10707
156200 10715
156300 10720
156400 10728
156500 10734
156600 10739
156700 10744
156800 10745
156900 10748
157000 10752
157100 10754
157200 10760
157300 10767
157400 10776
157500 10788
157600 10792
157700 10800
157800 10802
157900 10808
158000 10815
158100 10821
158200 10821
158300 10830
158400 10841
158500 10848
158600 10859
158700 10867
158800 10872
158900 10877
159000 10880
159100 10889
159200 10897
159300 10902
159400 10904
159500 10910
159600 10917
159700 10924
159800 10928
159900 10938
160000 10944
160100 10948
160200 10954
160300 10958
160400 10962
160500 10967
160600 10969
160700 10971
160800 10972
160900 10972
161000 10975
161100 10982
161200 10986
161300 10992
161400 10999
161500 11007
161600 11016
161700 11027
161800 11036
161900 11041
162000 11048
162100 11060
162200 11062
162300 11063
162400 11067
162500 11068
162600 11071
162700 11086
162800 11090
162900 11094
163000 11102
163100 11106
163200 11115
163300 11117
163400 11122
163500 11124
163600 11132
163700 11136
163800 11139
163900 11140
164000 11144
164100 11147
164200 11148
164300 11148
164400 11152
164500 11153
164600 11157
164700 11160
164800 11164
164900 11167
165000 11168
165100 11172
165200 11176
165300 11182
165400 11189
165500 11193
165600 11193
165700 11195
165800 11202
165900 11208
166000 11218
166100 11226
166200 11237
166300 11247
166400 11252
166500 11256
166600 11264
166700 11265
166800 11267
166900 11268
167000 11270
167100 11273
167200 11279
167300 11282
167400 11287
167500 11294
167600 11296
167700 11298
167800 11301
167900 11307
168000 11311
168100 11314
168200 11323
168300 11325
168400 11329
168500 11333
168600 11335
168700 11340
168800 11348
168900 11349
169000 11353
169100 11354
169200 11355
169300 11355
169400 11357
169500 11364
169600 11370
169700 11373
169800 11378
169900 11382
170000 11388
170100 11395
170200 11398
170300 11399
170400 11402
170500 11407
170600 11414
170700 11420
170800 11424
170900 11437
171000 11445
171100 11451
171200 11454
171300 11455
171400 11461
171500 11466
171600 11468
171700 11470
171800 11474
171900 11480
172000 11485
172100 11489
172200 11496
172300 11498
172400 11502
172500 11507
172600 11509
172700 11514
172800 11520
172900 11522
173000 11528
173100 11531
173200 11533
173300 11533
173400 11535
173500 11537
173600 11539
173700 11544
173800 11549
173900 11552
174000 11556
174100 11561
174200 11563
174300 11567
174400 11571
174500 11574
174600 11579
174700 11582
174800 11586
174900 11588
175000 11593
175100 11597
175200 11599
175300 11604
175400 11605
175500 11608
175600 11615
175700 11618
175800 11623
175900 11625
176000 11628
176100 11631
176200 11640
176300 11643
176400 11651
176500 11654
176600 11658
176700 11661
176800 11665
176900 11668
177000 11669
177100 11671
177200 11674
177300 11675
177400 11678
177500 11686
177600 11687
177700 11690
177800 11694
177900 11699
178000 11702
178100 11703
178200 11709
178300 11712
178400 11717
178500 11721
178600 11729
178700 11740
178800 11741
178900 11744
179000 11749
179100 11755
179200 11761
179300 11765
179400 11770
179500 11773
179600 11774
179700 11778
179800 11782
179900 11785
180000 11790
180100 11794
180200 11802
180300 11804
180400 11811
180500 11819
180600 11823
180700 11824
180800 11824
180900 11828
181000 11828
181100 11834
181200 11836
181300 11842
181400 11845
181500 11846
181600 11854
181700 11858
181800 11859
181900 11859
182000 11860
182100 11862
182200 11868
182300 11871
182400 11873
182500 11876
182600 11881
182700 11884
182800 11888
182900 11892
183000 11897
183100 11899
183200 11908
183300 11914
183400 11917
183500 11919
183600 11920
183700 11922
183800 11924
183900 11925
184000 11928
184100 11932
184200 11933
184300 11934
184400 11935
184500 11936
184600 11939
184700 11943
184800 11945
184900 11952
185000 11959
185100 11964
185200 11969
185300 11977
185400 11985
185500 11992
185600 11999
185700 12009
185800 12011
185900 12016
186000 12020
186100 12023
186200 12026
186300 12032
186400 12034
186500 12035
186600 12035
186700 12037
186800 12037
186900 12038
187000 12040
187100 12042
187200 12046
187300 12053
187400 12061
187500 12067
187600 12073
187700 12079
187800 12080
187900 12086
188000 12088
188100 12090
188200 12094
188300 12097
188400 12100
188500 12102
188600 12104
188700 12107
188800 12109
188900 12113
189000 12116
189100 12122
189200 12127
189300 12133
189400 12137
189500 12138
189600 12141
189700 12144
189800 12151
189900 12157
190000 12161
190100 12164
190200 12167
190300 12169
190400 12174
190500 12179
190600 12185
190700 12191
190800 12195
190900 12198
191000 12201
191100 12206
191200 12210
191300 12212
191400 12214
191500 12215
191600 12218
191700 12223
191800 12227
191900 12230
192000 12235
192100 12237
192200 12238
192300 12239
192400 12244
192500 12254
192600 12256
192700 12260
192800 12264
192900 12267
193000 12268
193100 12269
193200 12272
193300 12275
193400 12281
193500 12283
193600 12288
193700 12289
193800 12293
193900 12297
194000 12303
194100 12307
194200 12310
194300 12318
194400 12324
194500 12327
194600 12330
194700 12334
194800 12336
194900 12340
195000 12345
195100 12354
195200 12366
195300 12377
195400 12385
195500 12391
195600 12392
195700 12396
195800 12402
195900 12412
196000 12416
196100 12419
196200 12424
196300 12429
196400 12432
196500 12442
196600 12448
196700 12455
196800 12459
196900 12459
197000 12462
197100 12464
197200 12464
197300 12466
197400 12470
197500 12472
197600 12477
197700 12483
197800 12488
197900 12491
198000 12494
198100 12498
198200 12500
198300 12504
198400 12505
198500 12510
198600 12515
198700 12518
198800 12521
198900 12522
199000 12528
199100 12533
199200 12533
199300 12536
199400 12540
199500 12543
199600 12546
199700 12551
199800 12555
199900 12555
200000 12557
200100 12562
200200 12571
200300 12575
200400 12579
200500 12584
200600 12588
200700 12590
200800 12594
200900 12595
201000 12597
201100 12599
201200 12599
201300 12602
201400 12603
201500 12603
201600 12605
201700 12607
201800 12611
201900 12612
202000 12617
202100 12621
202200 12623
202300 12625
202400 12629
202500 12630
202600 12633
202700 12640
202800 12647
202900 12654
203000 12659
203100 12662
203200 12668
203300 12669
203400 12674
203500 12675
203600 12678
203700 12682
203800 12687
203900 12688
204000 12688
204100 12695
204200 12696
204300 12700
204400 12702
204500 12705
204600 12707
204700 12718
204800 12725
204900 12726
205000 12727
205100 12729
205200 12733
205300 12737
205400 12740
205500 12743
205600 12745
205700 12745
205800 12751
205900 12756
206000 12760
206100 12766
206200 12768
206300 12769
206400 12769
206500 12775
206600 12780
206700 12790
206800 12793
206900 12795
207000 12801
207100 12804
207200 12807
207300 12814
207400 12815
207500 12818
207600 12820
207700 12824
207800 12827
207900 12830
208000 12831
208100 12833
208200 12837
208300 12840
208400 12844
208500 12848
208600 12852
208700 12860
208800 12867
208900 12870
209000 12876
209100 12879
209200 12884
209300 12888
209400 12892
209500 12902
209600 12906
209700 12910
209800 12911
209900 12913
210000 12917
210100 12921
210200 12923
210300 12925
210400 12927
210500 12934
210600 12941
210700 12942
210800 12945
210900 12950
211000 12956
211100 12962
211200 12972
211300 12976
211400 12981
211500 12982
211600 12983
211700 12986
211800 12987
211900 12991
212000 12993
212100 12996
212200 13003
212300 13005
212400 13009
212500 13010
212600 13012
212700 13017
212800 13020
212900 13024
213000 13027
213100 13030
213200 13034
213300 13035
213400 13041
213500 13046
213600 13047
213700 13053
213800 13059
213900 13063
214000 13067
214100 13072
214200 13076
214300 13077
214400 13083
214500 13089
214600 13093
214700 13102
214800 13107
214900 13111
215000 13116
215100 13121
215200 13122
215300 13124
215400 13129
215500 13133
215600 13138
215700 13144
215800 13149
215900 13152
216000 13155
216100 13158
216200 13160
216300 13165
216400 13170
216500 13174
216600 13176
216700 13179
216800 13183
216900 13184
217000 13190
217100 13195
217200 13197
217300 13200
217400 13205
217500 13207
217600 13211
217700 13213
217800 13220
217900 13223
218000 13224
218100 13226
218200 13231
218300 13234
218400 13242
218500 13249
218600 13252
218700 13257
218800 13259
218900 13261
219000 13263
219100 13266
219200 13267
219300 13270
219400 13273
219500 13275
219600 13282
219700 13285
219800 13289
219900 13296
220000 13300
220100 13306
220200 13313
220300 13318
220400 13323
220500 13327
220600 13331
220700 13331
220800 13334
220900 13336
221000 13341
221100 13342
221200 13345
221300 13346
221400 13347
221500 13351
221600 13356
221700 13356
221800 13361
221900 13363
222000 13369
222100 13371
222200 13372
222300 13374
222400 13374
222500 13377
222600 13379
222700 13382
222800 13383
222900 13386
223000 13391
223100 13393
223200 13396
223300 13399
223400 13399
223500 13401
223600 13406
223700 13407
223800 13415
223900 13416
224000 13419
224100 13419
224200 13424
224300 13426
224400 13430
224500 13437
224600 13441
224700 13444
224800 13448
224900 13451
225000 13454
225100 13458
225200 13462
225300 13465
225400 13472
225500 13476
225600 13479
225700 13481
225800 13486
225900 13488
226000 13489
226100 13492
226200 13495
226300 13499
226400 13501
226500 13507
226600 13512
226700 13513
226800 13519
226900 13528
227000 13531
227100 13532
227200 13535
227300 13539
227400 13543
227500 13551
227600 13556
227700 13557
227800 13558
227900 13569
228000 13572
228100 13578
228200 13582
228300 13593
228400 13603
228500 13611
228600 13617
228700 13622
228800 13626
228900 13631
229000 13637
229100 13644
229200 13649
229300 13653
229400 13656
229500 13660
229600 13665
229700 13668
229800 13675
229900 13676
230000 13678
230100 13683
230200 13683
230300 13686
230400 13689
230500 13693
230600 13695
230700 13699
230800 13700
230900 13704
231000 13706
231100 13710
231200 13711
231300 13712
231400 13714
231500 13717
231600 13720
231700 13722
231800 13722
231900 13724
232000 13732
232100 13735
232200 13735
232300 13737
232400 13739
232500 13739
232600 13742
232700 13745
232800 13746
232900 13749
233000 13758
233100 13770
233200 13772
233300 13779
233400 13783
233500 13784
233600 13787
233700 13790
233800 13794
233900 13797
234000 13798
234100 13800
234200 13805
234300 13807
234400 13810
234500 13819
234600 13820
234700 13824
234800 13830
234900 13838
235000 13844
235100 13848
235200 13851
235300 13855
235400 13861
235500 13862
235600 13862
235700 13866
235800 13871
235900 13877
236000 13878
236100 13882
236200 13885
236300 13887
236400 13891
236500 13893
236600 13896
236700 13896
236800 13899
236900 13905
237000 13905
237100 13908
237200 13911
237300 13916
237400 13919
237500 13922
237600 13922
237700 13926
237800 13929
237900 13932
238000 13933
238100 13937
238200 13939
238300 13939
238400 13939
238500 13942
238600 13944
238700 13946
238800 13948
238900 13949
239000 13956
239100 13963
239200 13965
239300 13969
239400 13972
239500 13973
239600 13978
239700 13983
239800 13988
239900 13995
240000 13997
240100 14000
240200 14004
240300 14011
240400 14015
240500 14022
240600 14027
240700 14029
240800 14029
240900 14031
241000 14035
241100 14039
241200 14042
241300 14046
241400 14048
241500 14049
241600 14050
241700 14050
241800 14050
241900 14053
242000 14055
242100 14057
242200 14059
242300 14064
242400 14065
242500 14068
242600 14074
242700 14080
242800 14084
242900 14087
243000 14091
243100 14093
243200 14100
243300 14102
243400 14105
243500 14107
243600 14110
243700 14111
243800 14116
243900 14120
244000 14120
244100 14121
244200 14125
244300 14125
244400 14126
244500 14129
244600 14132
244700 14137
244800 14140
244900 14143
245000 14145
245100 14148
245200 14151
245300 14160
245400 14162
245500 14175
245600 14180
245700 14187
245800 14196
245900 14198
246000 14209
246100 14220
246200 14223
246300 14225
246400 14233
246500 14238
246600 14244
246700 14245
246800 14248
246900 14250
247000 14257
247100 14263
247200 14264
247300 14267
247400 14273
247500 14274
247600 14280
247700 14285
247800 14292
247900 14294
248000 14300
248100 14306
248200 14307
248300 14311
248400 14314
248500 14316
248600 14322
248700 14328
248800 14330
248900 14334
249000 14340
249100 14347
249200 14350
249300 14357
249400 14363
249500 14371
249600 14373
249700 14374
249800 14374
249900 14377
250000 14380
250100 14384
250200 14387
250300 14392
250400 14396
250500 14399
250600 14400
250700 14401
250800 14402
250900 14403
251000 14405
251100 14410
251200 14415
251300 14421
251400 14427
251500 14427
251600 14429
251700 14434
251800 14435
251900 14436
252000 14439
252100 14444
252200 14452
252300 14457
252400 14466
252500 14473
252600 14475
252700 14480
252800 14488
252900 14491
253000 14495
253100 14500
253200 14509
253300 14514
253400 14514
253500 14516
253600 14521
253700 14526
253800 14526
253900 14529
254000 14531
254100 14532
254200 14538
254300 14551
254400 14557
254500 14560
254600 14562
254700 14565
254800 14569
254900 14573
255000 14575
255100 14575
255200 14578
255300 14581
255400 14586
255500 14587
255600 14590
255700 14590
255800 14592
255900 14593
256000 14600
256100 14603
256200 14604
256300 14609
256400 14617
256500 14618
256600 14622
256700 14624
256800 14625
256900 14625
257000 14633
257100 14635
257200 14637
257300 14640
257400 14644
257500 14649
257600 14651
257700 14654
257800 14655
257900 14656
258000 14660
258100 14666
258200 14666
258300 14667
258400 14671
258500 14675
258600 14678
258700 14685
258800 14690
258900 14693
259000 14696
259100 14698
259200 14701
259300 14703
259400 14705
259500 14707
259600 14708
259700 14710
259800 14712
259900 14717
260000 14723
260100 14725
260200 14731
260300 14737
260400 14739
260500 14744
260600 14746
260700 14752
260800 14752
260900 14766
261000 14771
261100 14772
261200 14775
261300 14775
261400 14777
261500 14777
261600 14780
261700 14784
261800 14787
261900 14792
262000 14794
262100 14797
262200 14801
262300 14801
262400 14806
262500 14808
262600 14815
262700 14816
262800 14822
262900 14826
263000 14831
263100 14837
263200 14843
263300 14845
263400 14850
263500 14855
263600 14856
263700 14857
263800 14859
263900 14860
264000 14860
264100 14860
264200 14868
264300 14872
264400 14878
264500 14885
264600 14885
264700 14887
264800 14895
264900 14901
265000 14906
265100 14913
265200 14919
265300 14924
265400 14926
265500 14936
265600 14942
265700 14946
265800 14949
265900 14951
266000 14952
266100 14953
266200 14955
266300 14959
266400 14959
266500 14962
266600 14963
266700 14964
266800 14964
266900 14968
267000 14971
267100 14971
267200 14972
267300 14975
267400 14976
267500 14976
267600 14979
267700 14982
267800 14984
267900 14985
268000 14990
268100 14991
268200 14996
268300 14998
268400 15000
268500 15003
268600 15004
268700 15006
268800 15009
268900 15013
269000 15016
269100 15021
269200 15026
269300 15032
269400 15035
269500 15039
269600 15041
269700 15044
269800 15045
269900 15048
270000 15050
270100 15056
270200 15058
270300 15059
270400 15061
270500 15064
270600 15066
270700 15067
270800 15077
270900 15077
271000 15081
271100 15082
271200 15085
271300 15086
271400 15088
271500 15093
271600 15099
271700 15102
271800 15102
271900 15108
272000 15115
272100 15116
272200 15120
272300 15125
272400 15129
272500 15130
272600 15132
272700 15139
272800 15139
272900 15142
273000 15144
273100 15147
273200 15149
273300 15152
273400 15152
273500 15156
273600 15156
273700 15159
273800 15160
273900 15161
274000 15164
274100 15170
274200 15170
274300 15175
274400 15177
274500 15182
274600 15183
274700 15184
274800 15185
274900 15185
275000 15185
275100 15186
275200 15189
275300 15192
275400 15192
275500 15197
275600 15201
275700 15202
275800 15206
275900 15207
276000 15210
276100 15212
276200 15214
276300 15218
276400 15223
276500 15230
276600 15232
276700 15235
276800 15244
276900 15248
277000 15251
277100 15251
277200 15253
277300 15257
277400 15259
277500 15262
277600 15270
277700 15279
277800 15285
277900 15287
278000 15293
278100 15294
278200 15295
278300 15296
278400 15298
278500 15301
278600 15303
278700 15307
278800 15312
278900 15313
279000 15320
279100 15322
279200 15327
279300 15328
279400 15329
279500 15331
279600 15333
279700 15337
279800 15338
279900 15342
280000 15349
280100 15356
280200 15357
280300 15359
280400 15362
280500 15364
280600 15365
280700 15370
280800 15372
280900 15372
281000 15378
281100 15381
281200 15383
281300 15383
281400 15383
281500 15386
281600 15391
281700 15393
281800 15396
281900 15399
282000 15403
282100 15404
282200 15410
282300 15413
282400 15418
282500 15421
282600 15423
282700 15426
282800 15432
282900 15438
283000 15442
283100 15449
283200 15451
283300 15452
283400 15455
283500 15455
283600 15456
283700 15459
283800 15462
283900 15467
284000 15469
284100 15469
284200 15470
284300 15472
284400 15472
284500 15474
284600 15479
284700 15482
284800 15482
284900 15485
285000 15490
285100 15497
285200 15501
285300 15503
285400 15507
285500 15507
285600 15510
285700 15510
285800 15514
285900 15518
286000 15521
286100 15524
286200 15526
286300 15529
286400 15532
286500 15533
286600 15540
286700 15543
286800 15544
286900 15545
287000 15547
287100 15549
287200 15551
287300 15557
287400 15559
287500 15567
287600 15568
287700 15569
287800 15570
287900 15570
288000 15573
288100 15577
288200 15578
288300 15586
288400 15594
288500 15602
288600 15610
288700 15614
288800 15620
288900 15622
289000 15628
289100 15629
289200 15633
289300 15635
289400 15638
289500 15640
289600 15642
289700 15642
289800 15642
289900 15644
290000 15645
290100 15647
290200 15658
290300 15660
290400 15665
290500 15667
290600 15670
290700 15672
290800 15673
290900 15678
291000 15683
291100 15687
291200 15688
291300 15689
291400 15691
291500 15696
291600 15699
291700 15702
291800 15705
291900 15709
292000 15714
292100 15719
292200 15725
292300 15728
292400 15733
292500 15737
292600 15742
292700 15752
292800 15756
292900 15757
293000 15757
293100 15761
293200 15764
293300 15768
293400 15771
293500 15775
293600 15777
293700 15779
293800 15783
293900 15784
294000 15789
294100 15789
294200 15794
294300 15796
294400 15798
294500 15801
294600 15805
294700 15811
294800 15817
294900 15822
295000 15826
295100 15830
295200 15833
295300 15837
295400 15842
295500 15842
295600 15847
295700 15847
295800 15847
295900 15847
296000 15850
296100 15850
296200 15851
296300 15853
296400 15856
296500 15858
296600 15861
296700 15865
296800 15871
296900 15875
297000 15879
297100 15884
297200 15888
297300 15892
297400 15896
297500 15901
297600 15905
297700 15913
297800 15918
297900 15924
298000 15930
298100 15934
298200 15938
298300 15943
298400 15949
298500 15949
298600 15955
298700 15965
298800 15966
298900 15971
299000 15974
299100 15980
299200 15982
299300 15985
299400 15988
299500 15990
299600 15995
299700 15998
299800 16002
299900 16003
300000 16005
300100 16008
300200 16011
300300 16013
300400 16018
300500 16022
300600 16027
300700 16030
300800 16033
300900 16036
301000 16038
301100 16039
301200 16041
301300 16050
301400 16055
301500 16060
301600 16062
301700 16065
301800 16073
301900 16082
302000 16091
302100 16102
302200 16108
302300 16111
302400 16116
302500 16118
302600 16119
302700 16120
302800 16120
302900 16123
303000 16125
303100 16130
303200 16131
303300 16132
303400 16133
303500 16133
303600 16133
303700 16137
303800 16138
303900 16138
304000 16138
304100 16141
304200 16143
304300 16149
304400 16153
304500 16156
304600 16158
304700 16159
304800 16163
304900 16164
305000 16165
305100 16174
305200 16178
305300 16181
305400 16189
305500 16192
305600 16192
305700 16197
305800 16203
305900 16204
306000 16207
306100 16213
306200 16216
306300 16217
306400 16221
306500 16227
306600 16234
306700 16235
306800 16239
306900 16243
307000 16246
307100 16248
307200 16250
307300 16255
307400 16257
307500 16259
307600 16260
307700 16262
307800 16263
307900 16266
308000 16268
308100 16271
308200 16276
308300 16277
308400 16280
308500 16287
308600 16290
308700 16292
308800 16294
308900 16299
309000 16301
309100 16305
309200 16306
309300 16310
309400 16311
309500 16316
309600 16318
309700 16319
309800 16320
309900 16321
310000 16327
310100 16329
310200 16335
310300 16338
310400 16344
310500 16349
310600 16350
310700 16353
310800 16354
310900 16358
311000 16361
311100 16364
311200 16366
311300 16367
311400 16367
311500 16369
311600 16370
311700 16373
311800 16373
311900 16378
312000 16380
312100 16381
312200 16385
312300 16394
312400 16396
312500 16397
312600 16399
312700 16405
312800 16406
312900 16407
313000 16409
313100 16412
313200 16415
313300 16416
313400 16419
313500 16424
313600 16425
313700 16429
313800 16432
313900 16432
314000 16435
314100 16440
314200 16443
314300 16455
314400 16456
314500 16465
314600 16470
314700 16476
314800 16485
314900 16489
315000 16489
315100 16493
315200 16494
315300 16494
315400 16497
315500 16504
315600 16507
315700 16508
315800 16509
315900 16516
316000 16519
316100 16521
316200 16522
316300 16526
316400 16529
316500 16532
316600 16534
316700 16537
316800 16539
316900 16547
317000 16551
317100 16557
317200 16560
317300 16562
317400 16563
317500 16567
317600 16569
317700 16572
317800 16574
317900 16575
318000 16575
318100 16579
318200 16584
318300 16586
318400 16589
318500 16597
318600 16599
318700 16600
318800 16603
318900 16605
319000 16607
319100 16608
319200 16613
319300 16615
319400 16619
319500 16620
319600 16621
319700 16626
319800 16628
319900 16633
320000 16635
320100 16636
320200 16636
320300 16636
320400 16638
320500 16639
320600 16640
320700 16643
320800 16646
320900 16653
321000 16657
321100 16663
321200 16668
321300 16676
321400 16681
321500 16682
321600 16688
321700 16688
321800 16694
321900 16700
322000 16702
322100 16704
322200 16706
322300 16709
322400 16715
322500 16718
322600 16721
322700 16724
322800 16729
322900 16731
323000 16737
323100 16747
323200 16752
323300 16758
323400 16765
323500 16765
323600 16769
323700 16775
323800 16775
323900 16778
324000 16782
324100 16785
324200 16785
324300 16789
324400 16792
324500 16795
324600 16799
324700 16802
324800 16804
324900 16804
325000 16810
325100 16815
325200 16822
325300 16824
325400 16826
325500 16826
325600 16832
325700 16834
325800 16839
325900 16843
326000 16848
326100 16857
326200 16863
326300 16868
326400 16873
326500 16877
326600 16886
326700 16895
326800 16902
326900 16910
327000 16913
327100 16913
327200 16918
327300 16921
327400 16922
327500 16925
327600 16926
327700 16927
327800 16929
327900 16932
328000 16932
328100 16934
328200 16936
328300 16939
328400 16943
328500 16948
328600 16950
328700 16953
328800 16961
328900 16963
329000 16965
329100 16968
329200 16972
329300 16975
329400 16979
329500 16982
329600 16984
329700 16984
329800 16985
329900 16988
330000 16989
330100 16989
330200 16992
330300 16994
330400 16997
330500 17000
330600 17002
330700 17003
330800 17003
330900 17003
331000 17004
331100 17007
331200 17008
331300 17010
331400 17012
331500 17019
331600 17023
331700 17027
331800 17030
331900 17035
332000 17038
332100 17046
332200 17050
332300 17051
332400 17053
332500 17054
332600 17055
332700 17057
332800 17060
332900 17062
333000 17067
333100 17070
333200 17072
333300 17076
333400 17078
333500 17083
333600 17085
333700 17090
333800 17092
333900 17096
334000 17099
334100 17103
334200 17109
334300 17112
334400 17117
334500 17118
334600 17125
334700 17131
334800 17132
334900 17134
335000 17138
335100 17148
335200 17149
335300 17149
335400 17151
335500 17153
335600 17158
335700 17158
335800 17158
335900 17161
336000 17166
336100 17174
336200 17179
336300 17182
336400 17187
336500 17189
336600 17192
336700 17194
336800 17200
336900 17205
337000 17208
337100 17210
337200 17215
337300 17217
337400 17221
337500 17224
337600 17227
337700 17228
337800 17230
337900 17238
338000 17251
338100 17255
338200 17261
338300 17263
338400 17269
338500 17272
338600 17277
338700 17279
338800 17285
338900 17288
339000 17289
339100 17295
339200 17298
339300 17300
339400 17302
339500 17304
339600 17307
339700 17310
339800 17314
339900 17315
340000 17318
340100 17322
340200 17323
340300 17324
340400 17327
340500 17330
340600 17333
340700 17335
340800 17336
340900 17338
341000 17339
341100 17340
341200 17346
341300 17350
341400 17350
341500 17356
341600 17357
341700 17361
341800 17364
341900 17365
342000 17369
342100 17372
342200 17374
342300 17376
342400 17378
342500 17381
342600 17383
342700 17386
342800 17388
342900 17392
343000 17395
343100 17396
343200 17398
343300 17400
343400 17403
343500 17405
343600 17408
343700 17411
343800 17414
343900 17416
344000 17418
344100 17420
344200 17421
344300 17423
344400 17424
344500 17426
344600 17429
344700 17432
344800 17433
344900 17438
345000 17445
345100 17450
345200 17457
345300 17458
345400 17463
345500 17466
345600 17470
345700 17472
345800 17474
345900 17476
346000 17480
346100 17483
346200 17485
346300 17487
346400 17487
346500 17493
346600 17503
346700 17504
346800 17505
346900 17509
347000 17509
347100 17514
347200 17517
347300 17521
347400 17524
347500 17524
347600 17526
347700 17527
347800 17531
347900 17531
348000 17532
348100 17534
348200 17536
348300 17536
348400 17540
348500 17546
348600 17550
348700 17555
348800 17560
348900 17566
349000 17568
349100 17570
349200 17575
349300 17583
349400 17583
349500 17586
349600 17587
349700 17593
349800 17595
349900 17598
350000 17601
350100 17603
350200 17608
350300 17610
350400 17611
350500 17612
350600 17615
350700 17619
350800 17622
350900 17625
351000 17625
351100 17629
351200 17629
351300 17638
351400 17644
351500 17651
351600 17656
351700 17657
351800 17663
351900 17668
352000 17677
352100 17677
352200 17677
352300 17678
352400 17679
352500 17682
352600 17685
352700 17688
352800 17695
352900 17700
353000 17702
353100 17702
353200 17703
353300 17704
353400 17705
353500 17706
353600 17707
353700 17709
353800 17712
353900 17714
354000 17716
354100 17720
354200 17722
354300 17730
354400 17731
354500 17732
354600 17732
354700 17733
354800 17736
354900 17739
355000 17740
355100 17740
355200 17744
355300 17748
355400 17750
355500 17751
355600 17752
355700 17753
355800 17756
355900 17759
356000 17767
356100 17774
356200 17780
356300 17785
356400 17791
356500 17793
356600 17797
356700 17802
356800 17807
356900 17810
357000 17811
357100 17813
357200 17817
357300 17820
357400 17826
357500 17831
357600 17833
357700 17838
357800 17845
357900 17852
358000 17853
358100 17855
358200 17857
358300 17859
358400 17863
358500 17864
358600 17870
358700 17873
358800 17876
358900 17876
359000 17877
359100 17879
359200 17883
359300 17886
359400 17887
359500 17889
359600 17891
359700 17893
359800 17893
359900 17894
360000 17900
360100 17902
360200 17907
360300 17910
360400 17911
360500 17912
360600 17915
360700 17916
360800 17919
360900 17925
361000 17931
361100 17936
361200 17939
361300 17944
361400 17947
361500 17955
361600 17957
361700 17962
361800 17965
361900 17967
362000 17972
362100 17973
362200 17974
362300 17979
362400 17983
362500 17985
362600 17989
362700 17993
362800 17993
362900 17994
363000 17998
363100 18001
363200 18006
363300 18009
363400 18010
363500 18012
363600 18015
363700 18018
363800 18020
363900 18020
364000 18021
364100 18022
364200 18023
364300 18028
364400 18031
364500 18036
364600 18039
364700 18040
364800 18044
364900 18046
365000 18047
365100 18049
365200 18051
365300 18053
365400 18055
365500 18059
365600 18062
365700 18063
365800 18069
365900 18071
366000 18076
366100 18077
366200 18080
366300 18081
366400 18082
366500 18084
366600 18088
366700 18093
366800 18096
366900 18100
367000 18104
367100 18105
367200 18107
367300 18109
367400 18112
367500 18115
367600 18117
367700 18124
367800 18127
367900 18132
368000 18135
368100 18136
368200 18139
368300 18143
368400 18149
368500 18152
368600 18156
368700 18156
368800 18161
368900 18165
369000 18168
369100 18169
369200 18174
369300 18176
369400 18180
369500 18181
369600 18182
369700 18183
369800 18185
369900 18189
370000 18191
370100 18197
370200 18199
370300 18202
370400 18204
370500 18206
370600 18210
370700 18210
370800 18213
370900 18213
371000 18216
371100 18220
371200 18223
371300 18227
371400 18230
371500 18233
371600 18242
371700 18247
371800 18253
371900 18259
372000 18267
372100 18267
372200 18275
372300 18280
372400 18282
372500 18282
372600 18283
372700 18283
372800 18284
372900 18284
373000 18286
373100 18286
373200 18286
373300 18288
373400 18290
373500 18292
373600 18297
373700 18303
373800 18307
373900 18309
374000 18312
374100 18314
374200 18318
374300 18318
374400 18319
374500 18322
374600 18322
374700 18323
374800 18327
374900 18330
375000 18333
375100 18335
375200 18336
375300 18339
375400 18342
375500 18345
375600 18349
375700 18350
375800 18353
375900 18358
376000 18363
376100 18366
376200 18368
376300 18369
376400 18369
376500 18372
376600 18375
376700 18379
376800 18381
376900 18387
377000 18387
377100 18390
377200 18392
377300 18393
377400 18398
377500 18398
377600 18398
377700 18398
377800 18399
377900 18401
378000 18408
378100 18412
378200 18415
378300 18415
378400 18416
378500 18419
378600 18419
378700 18420
378800 18423
378900 18427
379000 18428
379100 18431
379200 18433
379300 18440
379400 18440
379500 18443
379600 18448
379700 18449
379800 18453
379900 18455
380000 18456
380100 18456
380200 18459
380300 18460
380400 18463
380500 18464
380600 18464
380700 18466
380800 18469
380900 18471
381000 18474
381100 18474
381200 18475
381300 18478
381400 18479
381500 18481
381600 18485
381700 18489
381800 18495
381900 18496
382000 18498
382100 18506
382200 18510
382300 18513
382400 18517
382500 18521
382600 18523
382700 18528
382800 18536
382900 18541
383000 18542
383100 18543
383200 18547
383300 18551
383400 18553
383500 18559
383600 18563
383700 18568
383800 18573
383900 18575
384000 18578
384100 18579
384200 18579
384300 18580
384400 18582
384500 18584
384600 18585
384700 18586
384800 18587
384900 18591
385000 18593
385100 18593
385200 18595
385300 18599
385400 18601
385500 18602
385600 18603
385700 18605
385800 18607
385900 18611
386000 18611
386100 18616
386200 18619
386300 18619
386400 18623
386500 18628
386600 18631
386700 18633
386800 18633
386900 18636
387000 18639
387100 18643
387200 18643
387300 18643
387400 18645
387500 18649
387600 18652
387700 18660
387800 18661
387900 18662
388000 18663
388100 18666
388200 18673
388300 18677
388400 18679
388500 18685
388600 18686
388700 18689
388800 18691
388900 18694
389000 18700
389100 18701
389200 18703
389300 18708
389400 18712
389500 18716
389600 18720
389700 18726
389800 18733
389900 18740
390000 18745
390100 18750
390200 18750
390300 18751
390400 18751
390500 18752
390600 18753
390700 18754
390800 18756
390900 18759
391000 18761
391100 18764
391200 18765
391300 18767
391400 18768
391500 18771
391600 18773
391700 18776
391800 18779
391900 18782
392000 18783
392100 18788
392200 18790
392300 18794
392400 18800
392500 18801
392600 18802
392700 18807
392800 18811
392900 18813
393000 18815
393100 18820
393200 18822
393300 18826
393400 18830
393500 18830
393600 18832
393700 18834
393800 18834
393900 18838
394000 18839
394100 18843
394200 18845
394300 18846
394400 18851
394500 18852
394600 18854
394700 18858
394800 18864
394900 18865
395000 18867
395100 18867
395200 18871
395300 18873
395400 18874
395500 18874
395600 18877
395700 18879
395800 18880
395900 18881
396000 18881
396100 18883
396200 18885
396300 18886
396400 18895
396500 18897
396600 18902
396700 18907
396800 18914
396900 18918
397000 18919
397100 18922
397200 18922
397300 18923
397400 18925
397500 18925
397600 18928
397700 18935
397800 18937
397900 18939
398000 18945
398100 18949
398200 18952
398300 18954
398400 18956
398500 18957
398600 18959
398700 18963
398800 18964
398900 18967
399000 18972
399100 18977
399200 18983
399300 18985
399400 18986
399500 18989
399600 18991
399700 18992
399800 18994
399900 18996
400000 19004
400100 19008
400200 19010
400300 19011
400400 19012
400500 19012
400600 19012
400700 19015
400800 19016
400900 19016
401000 19018
401100 19021
401200 19022
401300 19022
401400 19024
401500 19029
401600 19031
401700 19035
401800 19037
401900 19040
402000 19043
402100 19043
402200 19045
402300 19045
402400 19046
402500 19047
402600 19049
402700 19050
402800 19051
402900 19055
403000 19059
403100 19060
403200 19063
403300 19069
403400 19074
403500 19075
403600 19076
403700 19081
403800 19084
403900 19090
404000 19094
404100 19095
404200 19097
404300 19100
404400 19107
404500 19112
404600 19115
404700 19117
404800 19119
404900 19120
405000 19120
405100 19122
405200 19124
405300 19125
405400 19128
405500 19130
405600 19132
405700 19134
405800 19137
405900 19138
406000 19140
406100 19143
406200 19143
406300 19147
406400 19150
406500 19151
406600 19155
406700 19158
406800 19163
406900 19168
407000 19172
407100 19179
407200 19181
407300 19183
407400 19184
407500 19185
407600 19190
407700 19197
407800 19202
407900 19202
408000 19203
408100 19204
408200 19208
408300 19211
408400 19213
408500 19215
408600 19218
408700 19220
408800 19224
408900 19229
409000 19237
409100 19243
409200 19246
409300 19251
409400 19255
409500 19256
409600 19258
409700 19263
409800 19265
409900 19269
410000 19273
410100 19275
410200 19280
410300 19283
410400 19286
410500 19289
410600 19291
410700 19294
410800 19299
410900 19305
411000 19307
411100 19311
411200 19312
411300 19312
411400 19318
411500 19321
411600 19325
411700 19326
411800 19330
411900 19331
412000 19334
412100 19335
412200 19338
412300 19338
412400 19339
412500 19339
412600 19340
412700 19341
412800 19342
412900 19343
413000 19346
413100 19350
413200 19359
413300 19362
413400 19369
413500 19371
413600 19372
413700 19373
413800 19378
413900 19382
414000 19385
414100 19388
414200 19395
414300 19400
414400 19402
414500 19405
414600 19410
414700 19411
414800 19413
414900 19419
415000 19423
415100 19429
415200 19432
415300 19433
415400 19435
415500 19440
415600 19444
415700 19447
415800 19453
415900 19456
416000 19456
416100 19460
416200 19463
416300 19468
416400 19471
416500 19475
416600 19481
416700 19488
416800 19492
416900 19495
417000 19497
417100 19498
417200 19502
417300 19506
417400 19511
417500 19511
417600 19514
417700 19517
417800 19518
417900 19520
418000 19521
418100 19522
418200 19523
418300 19525
418400 19526
418500 19528
418600 19534
418700 19538
418800 19539
418900 19547
419000 19550
419100 19553
419200 19554
419300 19556
419400 19557
419500 19560
419600 19565
419700 19565
419800 19566
419900 19568
420000 19569
420100 19572
420200 19575
420300 19583
420400 19587
420500 19589
420600 19593
420700 19595
420800 19598
420900 19606
421000 19609
421100 19610
421200 19617
421300 19618
421400 19621
421500 19621
421600 19625
421700 19627
421800 19630
421900 19631
422000 19631
422100 19637
422200 19642
422300 19644
422400 19650
422500 19653
422600 19660
422700 19662
422800 19666
422900 19671
423000 19674
423100 19676
423200 19677
423300 19678
423400 19678
423500 19682
423600 19685
423700 19690
423800 19693
423900 19695
424000 19697
424100 19699
424200 19701
424300 19705
424400 19712
424500 19717
424600 19718
424700 19720
424800 19721
424900 19727
425000 19728
425100 19732
425200 19735
425300 19737
425400 19739
425500 19740
425600 19740
425700 19741
425800 19742
425900 19746
426000 19749
426100 19754
426200 19756
426300 19758
426400 19765
426500 19768
426600 19771
426700 19772
426800 19772
426900 19775
427000 19780
427100 19785
427200 19792
427300 19795
427400 19797
427500 19802
427600 19803
427700 19808
427800 19809
427900 19810
428000 19811
428100 19813
428200 19818
428300 19820
428400 19825
428500 19829
428600 19833
428700 19837
428800 19841
428900 19843
429000 19844
429100 19848
429200 19850
429300 19855
429400 19858
429500 19859
429600 19859
429700 19864
429800 19865
429900 19867
430000 19870
430100 19872
430200 19874
430300 19875
430400 19878
430500 19881
430600 19883
430700 19887
430800 19890
430900 19890
431000 19892
431100 19894
431200 19894
431300 19899
431400 19901
431500 19905
431600 19910
431700 19915
431800 19918
431900 19918
432000 19919
432100 19922
432200 19925
432300 19928
432400 19931
432500 19932
432600 19933
432700 19934
432800 19936
432900 19939
433000 19939
433100 19939
433200 19943
433300 19943
433400 19944
433500 19947
433600 19951
433700 19953
433800 19955
433900 19955
434000 19955
434100 19956
434200 19958
434300 19961
434400 19962
434500 19962
434600 19965
434700 19967
434800 19969
434900 19972
435000 19973
435100 19978
435200 19982
435300 19989
435400 19990
435500 19994
435600 19996
435700 19997
435800 19998
435900 20000
436000 20006
436100 20007
436200 20007
436300 20008
436400 20009
436500 20011
436600 20014
436700 20017
436800 20020
436900 20022
437000 20027
437100 20031
437200 20031
437300 20035
437400 20039
437500 20045
437600 20047
437700 20050
437800 20053
437900 20056
438000 20063
438100 20066
438200 20069
438300 20071
438400 20076
438500 20079
438600 20085
438700 20090
438800 20094
438900 20098
439000 20103
439100 20108
439200 20113
439300 20115
439400 20121
439500 20124
439600 20126
439700 20128
439800 20129
439900 20132
440000 20134
440100 20135
440200 20136
440300 20137
440400 20137
440500 20140
440600 20143
440700 20145
440800 20148
440900 20149
441000 20154
441100 20157
441200 20159
441300 20161
441400 20161
441500 20161
441600 20164
441700 20168
441800 20172
441900 20174
442000 20180
442100 20183
442200 20189
442300 20192
442400 20195
442500 20196
442600 20197
442700 20199
442800 20201
442900 20204
443000 20205
443100 20205
443200 20206
443300 20207
443400 20207
443500 20208
443600 20210
443700 20212
443800 20217
443900 20218
444000 20219
444100 20220
444200 20221
444300 20223
444400 20224
444500 20224
444600 20226
444700 20227
444800 20229
444900 20230
445000 20231
445100 20235
445200 20237
445300 20237
445400 20237
445500 20238
445600 20239
445700 20239
445800 20240
445900 20245
446000 20250
446100 20252
446200 20257
446300 20261
446400 20264
446500 20270
446600 20271
446700 20275
446800 20276
446900 20278
447000 20284
447100 20294
447200 20301
447300 20302
447400 20304
447500 20309
447600 20310
447700 20312
447800 20314
447900 20317
448000 20317
448100 20320
448200 20324
448300 20328
448400 20329
448500 20332
448600 20338
448700 20346
448800 20350
448900 20354
449000 20359
449100 20363
449200 20367
449300 20371
449400 20375
449500 20382
449600 20384
449700 20388
449800 20391
449900 20393
450000 20395
450100 20396
450200 20398
450300 20400
450400 20404
450500 20409
450600 20410
450700 20412
450800 20418
450900 20419
451000 20420
451100 20423
451200 20426
451300 20429
451400 20433
451500 20439
451600 20439
451700 20440
451800 20440
451900 20442
452000 20445
452100 20449
452200 20452
452300 20452
452400 20454
452500 20459
452600 20464
452700 20467
452800 20470
452900 20472
453000 20474
453100 20477
453200 20479
453300 20480
453400 20484
453500 20485
453600 20488
453700 20489
453800 20490
453900 20493
454000 20498
454100 20506
454200 20510
454300 20516
454400 20521
454500 20522
454600 20524
454700 20525
454800 20526
454900 20530
455000 20534
455100 20537
455200 20537
455300 20539
455400 20541
455500 20545
455600 20546
455700 20547
455800 20548
455900 20550
456000 20550
456100 20550
456200 20551
456300 20552
456400 20557
456500 20557
456600 20559
456700 20563
456800 20565
456900 20567
457000 20573
457100 20578
457200 20582
457300 20585
457400 20589
457500 20589
457600 20592
457700 20593
457800 20597
457900 20597
458000 20600
458100 20604
458200 20607
458300 20611
458400 20611
458500 20612
458600 20615
458700 20615
458800 20619
458900 20621
459000 20626
459100 20633
459200 20637
459300 20645
459400 20654
459500 20656
459600 20657
459700 20657
459800 20657
459900 20657
460000 20658
460100 20658
460200 20659
460300 20661
460400 20661
460500 20664
460600 20667
460700 20669
460800 20673
460900 20673
461000 20674
461100 20677
461200 20678
461300 20679
461400 20680
461500 20681
461600 20683
461700 20685
461800 20686
461900 20689
462000 20692
462100 20693
462200 20697
462300 20700
462400 20702
462500 20703
462600 20706
462700 20710
462800 20714
462900 20719
463000 20720
463100 20721
463200 20722
463300 20726
463400 20730
463500 20731
463600 20732
463700 20734
463800 20734
463900 20737
464000 20738
464100 20739
464200 20741
464300 20743
464400 20743
464500 20745
464600 20747
464700 20747
464800 20752
464900 20755
465000 20761
465100 20765
465200 20765
465300 20765
465400 20765
465500 20766
465600 20771
465700 20774
465800 20779
465900 20781
466000 20781
466100 20781
466200 20782
466300 20783
466400 20784
466500 20788
466600 20792
466700 20795
466800 20796
466900 20802
467000 20803
467100 20806
467200 20814
467300 20820
467400 20822
467500 20824
467600 20827
467700 20832
467800 20832
467900 20836
468000 20838
468100 20838
468200 20840
468300 20843
468400 20844
468500 20846
468600 20846
468700 20853
468800 20856
468900 20859
469000 20863
469100 20868
469200 20874
469300 20874
469400 20878
469500 20882
469600 20884
469700 20885
469800 20885
469900 20888
470000 20891
470100 20893
470200 20897
470300 20898
470400 20900
470500 20901
470600 20902
470700 20905
470800 20906
470900 20911
471000 20911
471100 20915
471200 20917
471300 20918
471400 20922
471500 20922
471600 20924
471700 20926
471800 20930
471900 20932
472000 20934
472100 20936
472200 20943
472300 20945
472400 20949
472500 20950
472600 20958
472700 20964
472800 20972
472900 20984
473000 20988
473100 20991
473200 20991
473300 20994
473400 20997
473500 21002
473600 21005
473700 21005
473800 21008
473900 21013
474000 21017
474100 21021
474200 21021
474300 21021
474400 21022
474500 21025
474600 21031
474700 21035
474800 21036
474900 21037
475000 21039
475100 21041
475200 21041
475300 21043
475400 21046
475500 21048
475600 21050
475700 21054
475800 21056
475900 21058
476000 21059
476100 21062
476200 21065
476300 21066
476400 21066
476500 21070
476600 21073
476700 21075
476800 21077
476900 21081
477000 21082
477100 21085
477200 21091
477300 21094
477400 21101
477500 21102
477600 21105
477700 21111
477800 21116
477900 21117
478000 21122
478100 21126
478200 21129
478300 21132
478400 21134
478500 21135
478600 21137
478700 21138
478800 21138
478900 21139
479000 21139
479100 21142
479200 21142
479300 21143
479400 21145
479500 21148
479600 21150
479700 21152
479800 21154
479900 21156
480000 21156
480100 21160
480200 21161
480300 21163
480400 21167
480500 21167
480600 21170
480700 21171
480800 21172
480900 21176
481000 21176
481100 21176
481200 21178
481300 21180
481400 21181
481500 21181
481600 21181
481700 21182
481800 21184
481900 21184
482000 21188
482100 21191
482200 21194
482300 21195
482400 21200
482500 21206
482600 21209
482700 21214
482800 21222
482900 21225
483000 21227
483100 21227
483200 21228
483300 21228
483400 21230
483500 21232
483600 21243
483700 21247
483800 21253
483900 21255
484000 21257
484100 21262
484200 21265
484300 21266
484400 21270
484500 21274
484600 21275
484700 21278
484800 21282
484900 21286
485000 21291
485100 21293
485200 21298
485300 21298
485400 21299
485500 21300
485600 21306
485700 21308
485800 21310
485900 21311
486000 21314
486100 21315
486200 21315
486300 21315
486400 21319
486500 21319
486600 21319
486700 21319
486800 21321
486900 21321
487000 21322
487100 21322
487200 21324
487300 21324
487400 21325
487500 21325
487600 21332
487700 21337
487800 21341
487900 21347
488000 21350
488100 21351
488200 21351
488300 21355
488400 21356
488500 21359
488600 21360
488700 21362
488800 21362
488900 21364
489000 21366
489100 21368
489200 21368
489300 21370
489400 21373
489500 21380
489600 21384
489700 21388
489800 21392
489900 21398
490000 21401
490100 21405
490200 21413
490300 21416
490400 21420
490500 21421
490600 21422
490700 21422
490800 21425
490900 21426
491000 21429
491100 21431
491200 21436
491300 21440
491400 21441
491500 21441
491600 21446
491700 21451
491800 21452
491900 21455
492000 21458
492100 21461
492200 21464
492300 21469
492400 21470
492500 21472
492600 21473
492700 21476
492800 21480
492900 21486
493000 21489
493100 21494
493200 21498
493300 21500
493400 21501
493500 21503
493600 21506
493700 21510
493800 21510
493900 21514
494000 21518
494100 21520
494200 21521
494300 21522
494400 21525
494500 21527
494600 21531
494700 21532
494800 21535
494900 21538
495000 21539
495100 21542
495200 21544
495300 21545
495400 21545
495500 21548
495600 21548
495700 21551
495800 21555
495900 21555
496000 21560
496100 21562
496200 21566
496300 21567
496400 21569
496500 21573
496600 21578
496700 21581
496800 21585
496900 21591
497000 21591
497100 21597
497200 21598
497300 21599
497400 21602
497500 21603
497600 21605
497700 21607
497800 21609
497900 21612
498000 21617
498100 21620
498200 21625
498300 21625
498400 21626
498500 21627
498600 21630
498700 21633
498800 21634
498900 21635
499000 21636
499100 21637
499200 21639
499300 21643
499400 21647
499500 21651
499600 21652
499700 21657
499800 21659
499900 21662
500000 21671
500100 21672
500200 21673
500300 21675
500400 21680
500500 21683
500600 21686
500700 21690
500800 21691
500900 21694
501000 21697
501100 21698
501200 21699
501300 21704
501400 21707
501500 21707
501600 21708
501700 21708
501800 21708
501900 21709
502000 21709
502100 21712
502200 21715
502300 21717
502400 21723
502500 21724
502600 21727
502700 21735
502800 21739
502900 21744
503000 21744
503100 21747
503200 21752
503300 21755
503400 21756
503500 21756
503600 21758
503700 21761
503800 21762
503900 21762
504000 21764
504100 21766
504200 21771
504300 21774
504400 21777
504500 21778
504600 21781
504700 21786
504800 21792
504900 21792
505000 21793
505100 21795
505200 21805
505300 21806
505400 21810
505500 21813
505600 21817
505700 21818
505800 21820
505900 21823
506000 21825
506100 21825
506200 21828
506300 21835
506400 21836
506500 21839
506600 21841
506700 21842
506800 21842
506900 21842
507000 21842
507100 21845
507200 21848
507300 21852
507400 21853
507500 21855
507600 21858
507700 21861
507800 21863
507900 21866
508000 21868
508100 21868
508200 21869
508300 21874
508400 21876
508500 21880
508600 21882
508700 21882
508800 21882
508900 21885
509000 21886
509100 21888
509200 21890
509300 21890
509400 21891
509500 21894
509600 21895
509700 21895
509800 21895
509900 21899
510000 21899
510100 21901
510200 21904
510300 21911
510400 21916
510500 21917
510600 21921
510700 21924
510800 21926
510900 21928
511000 21930
511100 21932
511200 21935
511300 21940
511400 21944
511500 21950
511600 21950
511700 21952
511800 21952
511900 21953
512000 21954
512100 21959
512200 21963
512300 21966
512400 21968
512500 21969
512600 21970
512700 21971
512800 21974
512900 21976
513000 21978
513100 21979
513200 21980
513300 21982
513400 21986
513500 21988
513600 21990
513700 21995
513800 21998
513900 21999
514000 22000
514100 22003
514200 22004
514300 22011
514400 22014
514500 22019
514600 22019
514700 22020
514800 22024
514900 22028
515000 22029
515100 22031
515200 22032
515300 22032
515400 22033
515500 22035
515600 22035
515700 22037
515800 22039
515900 22045
516000 22049
516100 22051
516200 22051
516300 22054
516400 22057
516500 22057
516600 22058
516700 22059
516800 22059
516900 22062
517000 22063
517100 22067
517200 22069
517300 22074
517400 22080
517500 22080
517600 22085
517700 22087
517800 22090
517900 22093
518000 22096
518100 22098
518200 22099
518300 22101
518400 22101
518500 22103
518600 22106
518700 22108
518800 22108
518900 22112
519000 22113
519100 22114
519200 22115
519300 22117
519400 22121
519500 22123
519600 22126
519700 22129
519800 22130
519900 22131
520000 22137
520100 22137
520200 22138
520300 22138
520400 22139
520500 22140
520600 22144
520700 22145
520800 22151
520900 22153
521000 22154
521100 22157
521200 22161
521300 22162
521400 22164
521500 22164
521600 22166
521700 22168
521800 22169
521900 22177
522000 22178
522100 22179
522200 22184
522300 22187
522400 22188
522500 22189
522600 22189
522700 22192
522800 22195
522900 22196
523000 22197
523100 22198
523200 22198
523300 22200
523400 22201
523500 22207
523600 22210
523700 22214
523800 22214
523900 22214
524000 22217
524100 22217
524200 22221
524300 22222
524400 22223
524500 22225
524600 22225
524700 22227
524800 22227
524900 22230
525000 22230
525100 22238
525200 22241
525300 22243
525400 22246
525500 22246
525600 22249
525700 22251
525800 22251
525900 22255
526000 22260
526100 22260
526200 22260
526300 22264
526400 22265
526500 22266
526600 22270
526700 22272
526800 22272
526900 22277
527000 22280
527100 22286
527200 22287
527300 22290
527400 22292
527500 22293
