100 60
200 100
300 143
400 180
500 211
600 234
700 258
800 283
900 309
1000 328
1100 342
1200 363
1300 383
1400 399
1500 418
1600 440
1700 451
1800 466
1900 485
2000 501
2100 519
2200 545
2300 566
2400 587
2500 601
2600 620
2700 632
2800 646
2900 668
3000 687
3100 705
3200 716
3300 730
3400 747
3500 759
3600 766
3700 779
3800 793
3900 814
4000 828
4100 848
4200 864
4300 884
4400 897
4500 910
4600 917
4700 927
4800 943
4900 953
5000 965
5100 979
5200 990
5300 996
5400 1012
5500 1021
5600 1031
5700 1040
5800 1050
5900 1055
6000 1060
6100 1069
6200 1081
6300 1098
6400 1112
6500 1123
6600 1131
6700 1143
6800 1151
6900 1159
7000 1169
7100 1184
7200 1189
7300 1197
7400 1211
7500 1217
7600 1228
7700 1240
7800 1247
7900 1254
8000 1260
8100 1267
8200 1274
8300 1283
8400 1291
8500 1302
8600 1306
8700 1316
8800 1324
8900 1328
9000 1337
9100 1349
9200 1355
9300 1362
9400 1370
9500 1380
9600 1386
9700 1407
9800 1420
9900 1429
10000 1432
10100 1437
10200 1445
10300 1452
10400 1463
10500 1470
10600 1476
10700 1487
10800 1498
10900 1511
11000 1520
11100 1528
11200 1532
11300 1542
11400 1550
11500 1559
11600 1570
11700 1579
11800 1588
11900 1598
12000 1608
12100 1616
12200 1619
12300 1629
12400 1635
12500 1645
12600 1650
12700 1653
12800 1655
12900 1659
13000 1665
13100 1671
13200 1684
13300 1693
13400 1696
13500 1702
13600 1707
13700 1717
13800 1724
13900 1730
14000 1736
14100 1747
14200 1758
14300 1762
14400 1770
14500 1782
14600 1790
14700 1805
14800 1813
14900 1823
15000 1827
15100 1835
15200 1841
15300 1845
15400 1851
15500 1859
15600 1870
15700 1886
15800 1894
15900 1898
16000 1907
16100 1912
16200 1920
16300 1925
16400 1938
16500 1943
16600 1954
16700 1962
16800 1972
16900 1983
17000 1993
17100 1996
17200 2006
17300 2012
17400 2017
17500 2021
17600 2027
17700 2035
17800 2044
17900 2047
18000 2050
18100 2055
18200 2061
18300 2066
18400 2070
18500 2074
18600 2077
18700 2081
18800 2083
18900 2088
19000 2094
19100 2099
19200 2103
19300 2107
19400 2111
19500 2120
19600 2123
19700 2126
19800 2130
19900 2133
20000 2135
20100 2141
20200 2153
20300 2167
20400 2176
20500 2183
20600 2187
20700 2194
20800 2200
20900 2210
21000 2219
21100 2227
21200 2231
21300 2237
21400 2241
21500 2247
21600 2248
21700 2250
21800 2253
21900 2259
22000 2262
22100 2267
22200 2267
22300 2275
22400 2278
22500 2284
22600 2285
22700 2291
22800 2295
22900 2300
23000 2308
23100 2314
23200 2320
23300 2326
23400 2329
23500 2335
23600 2342
23700 2358
23800 2370
23900 2374
24000 2381
24100 2391
24200 2394
24300 2401
24400 2405
24500 2406
24600 2410
24700 2422
24800 2430
24900 2434
25000 2439
25100 2445
25200 2451
25300 2459
25400 2466
25500 2472
25600 2475
25700 2483
25800 2487
25900 2491
26000 2495
26100 2498
26200 2503
26300 2512
26400 2519
26500 2524
26600 2528
26700 2533
26800 2534
26900 2538
27000 2542
27100 2545
27200 2554
27300 2559
27400 2565
27500 2570
27600 2577
27700 2583
27800 2589
27900 2601
28000 2605
28100 2606
28200 2608
28300 2614
28400 2619
28500 2625
28600 2630
28700 2634
28800 2640
28900 2648
29000 2653
29100 2661
29200 2669
29300 2675
29400 2680
29500 2689
29600 2691
29700 2697
29800 2699
29900 2703
30000 2705
30100 2708
30200 2713
30300 2718
30400 2723
30500 2727
30600 2733
30700 2743
30800 2750
30900 2752
31000 2758
31100 2761
31200 2767
31300 2768
31400 2772
31500 2779
31600 2784
31700 2792
31800 2794
31900 2798
32000 2804
32100 2810
32200 2812
32300 2816
32400 2820
32500 2822
32600 2825
32700 2835
32800 2844
32900 2850
33000 2856
33100 2859
33200 2868
33300 2874
33400 2875
33500 2881
33600 2890
33700 2896
33800 2898
33900 2902
34000 2910
34100 2912
34200 2920
34300 2921
34400 2923
34500 2925
34600 2927
34700 2931
34800 2940
34900 2945
35000 2949
35100 2952
35200 2953
35300 2956
35400 2958
35500 2963
35600 2968
35700 2971
35800 2974
35900 2980
36000 2982
36100 2984
36200 2988
36300 2990
36400 2994
36500 3001
36600 3005
36700 3010
36800 3016
36900 3020
37000 3022
37100 3029
37200 3035
37300 3042
37400 3048
37500 3057
37600 3062
37700 3066
37800 3072
37900 3076
38000 3081
38100 3088
38200 3091
38300 3097
38400 3101
38500 3101
38600 3104
38700 3105
38800 3107
38900 3109
39000 3112
39100 3118
39200 3120
39300 3125
39400 3132
39500 3136
39600 3139
39700 3149
39800 3162
39900 3173
40000 3178
40100 3188
40200 3193
40300 3201
40400 3203
40500 3210
40600 3216
40700 3219
40800 3225
40900 3228
41000 3231
41100 3235
41200 3243
41300 3250
41400 3255
41500 3263
41600 3272
41700 3277
41800 3285
41900 3291
42000 3294
42100 3298
42200 3301
42300 3305
42400 3312
42500 3318
42600 3325
42700 3332
42800 3337
42900 3341
43000 3351
43100 3360
43200 3368
43300 3376
43400 3380
43500 3392
43600 3401
43700 3411
43800 3415
43900 3417
44000 3424
44100 3428
44200 3432
44300 3438
44400 3441
44500 3444
44600 3448
44700 3454
44800 3454
44900 3459
45000 3461
45100 3465
45200 3467
45300 3468
45400 3472
45500 3478
45600 3489
45700 3497
45800 3499
45900 3501
46000 3508
46100 3510
46200 3512
46300 3513
46400 3520
46500 3524
46600 3530
46700 3533
46800 3539
46900 3551
47000 3555
47100 3558
47200 3559
47300 3561
47400 3565
47500 3565
47600 3567
47700 3573
47800 3574
47900 3574
48000 3579
48100 3584
48200 3587
48300 3593
48400 3595
48500 3596
48600 3601
48700 3605
48800 3610
48900 3617
49000 3621
49100 3621
49200 3625
49300 3628
49400 3628
49500 3634
49600 3636
49700 3640
49800 3642
49900 3642
50000 3645
50100 3649
50200 3653
50300 3660
50400 3668
50500 3670
50600 3672
50700 3676
50800 3680
50900 3686
51000 3689
51100 3691
51200 3696
51300 3697
51400 3700
51500 3705
51600 3708
51700 3711
51800 3718
51900 3727
52000 3735
52100 3738
52200 3745
52300 3749
52400 3754
52500 3756
52600 3762
52700 3769
52800 3773
52900 3774
53000 3776
53100 3779
53200 3780
53300 3784
53400 3786
53500 3789
53600 3790
53700 3796
53800 3798
53900 3802
54000 3808
54100 3810
54200 3815
54300 3821
54400 3824
54500 3825
54600 3829
54700 3833
54800 3841
54900 3844
55000 3851
55100 3858
55200 3861
55300 3863
55400 3866
55500 3868
55600 3870
55700 3877
55800 3877
55900 3882
56000 3883
56100 3886
56200 3889
56300 3891
56400 3895
56500 3906
56600 3913
56700 3920
56800 3927
56900 3929
57000 3933
57100 3942
57200 3944
57300 3946
57400 3948
57500 3953
57600 3954
57700 3956
57800 3957
57900 3959
58000 3964
58100 3966
58200 3972
58300 3978
58400 3984
58500 3993
58600 3997
58700 3998
58800 4001
58900 4003
59000 4005
59100 4005
59200 4011
59300 4015
59400 4019
59500 4021
59600 4023
59700 4026
59800 4029
59900 4032
60000 4033
60100 4036
60200 4041
60300 4046
60400 4053
60500 4055
60600 4057
60700 4060
60800 4064
60900 4066
61000 4071
61100 4073
61200 4073
61300 4076
61400 4081
61500 4083
61600 4088
61700 4091
61800 4096
61900 4108
62000 4117
62100 4120
62200 4127
62300 4133
62400 4135
62500 4140
62600 4143
62700 4145
62800 4152
62900 4154
63000 4157
63100 4159
63200 4165
63300 4169
63400 4170
63500 4175
63600 4179
63700 4182
63800 4185
63900 4189
64000 4193
64100 4195
64200 4198
64300 4203
64400 4205
64500 4208
64600 4214
64700 4215
64800 4219
64900 4224
65000 4227
65100 4229
65200 4232
65300 4234
65400 4235
65500 4242
65600 4243
65700 4246
65800 4248
65900 4250
66000 4257
66100 4262
66200 4264
66300 4269
66400 4273
66500 4275
66600 4280
66700 4284
66800 4288
66900 4289
67000 4294
67100 4295
67200 4299
67300 4303
67400 4309
67500 4310
67600 4314
67700 4318
67800 4324
67900 4326
68000 4328
68100 4330
68200 4332
68300 4340
68400 4348
68500 4350
68600 4352
68700 4354
68800 4356
68900 4360
69000 4363
69100 4363
69200 4369
69300 4370
69400 4374
69500 4378
69600 4379
69700 4382
69800 4386
69900 4389
70000 4393
70100 4396
70200 4402
70300 4405
70400 4415
70500 4417
70600 4417
70700 4418
70800 4422
70900 4425
71000 4425
71100 4428
71200 4436
71300 4443
71400 4448
71500 4452
71600 4454
71700 4456
71800 4464
71900 4468
72000 4474
72100 4477
72200 4481
72300 4486
72400 4492
72500 4496
72600 4499
72700 4503
72800 4508
72900 4513
73000 4514
73100 4516
73200 4521
73300 4525
73400 4528
73500 4531
73600 4532
73700 4533
73800 4534
73900 4539
74000 4541
74100 4543
74200 4546
74300 4547
74400 4550
74500 4554
74600 4557
74700 4562
74800 4562
74900 4563
75000 4566
75100 4568
75200 4573
75300 4579
75400 4589
75500 4594
75600 4600
75700 4606
75800 4615
75900 4624
76000 4630
76100 4634
76200 4640
76300 4652
76400 4660
76500 4667
76600 4678
76700 4683
76800 4688
76900 4691
77000 4694
77100 4702
77200 4708
77300 4712
77400 4716
77500 4720
77600 4724
77700 4729
77800 4733
77900 4735
78000 4738
78100 4741
78200 4745
78300 4746
78400 4749
78500 4752
78600 4755
78700 4758
78800 4761
78900 4765
79000 4772
79100 4776
79200 4781
79300 4786
79400 4789
79500 4791
79600 4796
79700 4797
79800 4798
79900 4809
80000 4812
80100 4815
80200 4822
80300 4824
80400 4831
80500 4835
80600 4838
80700 4838
80800 4838
80900 4840
81000 4841
81100 4847
81200 4847
81300 4848
81400 4854
81500 4859
81600 4862
81700 4865
81800 4872
81900 4881
82000 4884
82100 4891
82200 4897
82300 4899
82400 4901
82500 4905
82600 4908
82700 4915
82800 4918
82900 4926
83000 4926
83100 4926
83200 4928
83300 4929
83400 4936
83500 4939
83600 4941
83700 4943
83800 4944
83900 4948
84000 4954
84100 4956
84200 4960
84300 4960
84400 4965
84500 4968
84600 4970
84700 4974
84800 4976
84900 4981
85000 4982
85100 4983
85200 4984
85300 4988
85400 4992
85500 4998
85600 5004
85700 5006
85800 5013
85900 5019
86000 5024
86100 5028
86200 5033
86300 5034
86400 5040
86500 5042
86600 5047
86700 5049
86800 5054
86900 5058
87000 5061
87100 5065
87200 5072
87300 5077
87400 5081
87500 5083
87600 5086
87700 5091
87800 5094
87900 5097
88000 5103
88100 5107
88200 5111
88300 5119
88400 5121
88500 5123
88600 5129
88700 5135
88800 5140
88900 5143
89000 5146
89100 5151
89200 5155
89300 5157
89400 5163
89500 5165
89600 5165
89700 5172
89800 5174
89900 5174
90000 5179
90100 5180
90200 5185
90300 5189
90400 5195
90500 5197
90600 5200
90700 5202
90800 5205
90900 5206
91000 5206
91100 5209
91200 5213
91300 5216
91400 5220
91500 5222
91600 5228
91700 5232
91800 5235
91900 5239
92000 5243
92100 5245
92200 5252
92300 5254
92400 5258
92500 5262
92600 5268
92700 5273
92800 5278
92900 5283
93000 5287
93100 5289
93200 5289
93300 5290
93400 5298
93500 5300
93600 5304
93700 5310
93800 5317
93900 5318
94000 5321
94100 5325
94200 5331
94300 5338
94400 5350
94500 5359
94600 5361
94700 5369
94800 5370
94900 5373
95000 5381
95100 5385
95200 5389
95300 5395
95400 5399
95500 5406
95600 5413
95700 5418
95800 5423
95900 5426
96000 5427
96100 5431
96200 5435
96300 5440
96400 5444
96500 5447
96600 5451
96700 5453
96800 5459
96900 5461
97000 5465
97100 5465
97200 5465
97300 5469
97400 5473
97500 5475
97600 5482
97700 5487
97800 5487
97900 5489
98000 5492
98100 5499
98200 5501
98300 5505
98400 5510
98500 5515
98600 5521
98700 5523
98800 5526
98900 5530
99000 5533
99100 5540
99200 5546
99300 5548
99400 5549
99500 5549
99600 5550
99700 5552
99800 5555
99900 5557
100000 5559
100100 5562
100200 5569
100300 5572
100400 5573
100500 5574
100600 5575
100700 5579
100800 5579
100900 5579
101000 5584
101100 5585
101200 5591
101300 5597
101400 5602
101500 5603
101600 5604
101700 5608
101800 5609
101900 5611
102000 5615
102100 5616
102200 5620
102300 5623
102400 5626
102500 5628
102600 5630
102700 5633
102800 5636
102900 5639
103000 5641
103100 5644
103200 5649
103300 5651
103400 5652
103500 5655
103600 5656
103700 5658
103800 5659
103900 5662
104000 5666
104100 5668
104200 5671
104300 5674
104400 5678
104500 5682
104600 5684
104700 5687
104800 5688
104900 5689
105000 5691
105100 5694
105200 5698
105300 5700
105400 5706
105500 5710
105600 5712
105700 5714
105800 5721
105900 5726
106000 5730
106100 5734
106200 5737
106300 5743
106400 5751
106500 5753
106600 5753
106700 5754
106800 5758
106900 5761
107000 5765
107100 5766
107200 5767
107300 5772
107400 5772
107500 5773
107600 5773
107700 5775
107800 5775
107900 5776
108000 5776
108100 5777
108200 5780
108300 5783
108400 5785
108500 5788
108600 5790
108700 5792
108800 5795
108900 5798
109000 5808
109100 5811
109200 5814
109300 5819
109400 5825
109500 5830
109600 5835
109700 5840
109800 5841
109900 5847
110000 5847
110100 5850
110200 5850
110300 5852
110400 5852
110500 5856
110600 5857
110700 5858
110800 5860
110900 5861
111000 5862
111100 5863
111200 5866
111300 5868
111400 5870
111500 5870
111600 5872
111700 5876
111800 5880
111900 5883
112000 5885
112100 5888
112200 5891
112300 5896
112400 5899
112500 5902
112600 5902
112700 5904
112800 5907
112900 5909
113000 5912
113100 5918
113200 5919
113300 5925
113400 5929
113500 5932
113600 5938
113700 5944
113800 5952
113900 5958
114000 5963
114100 5963
114200 5971
114300 5977
114400 5985
114500 5989
114600 5995
114700 5997
114800 6001
114900 6005
115000 6014
115100 6018
115200 6023
115300 6030
115400 6032
115500 6036
115600 6039
115700 6042
115800 6044
115900 6046
116000 6050
116100 6054
116200 6057
116300 6061
116400 6064
116500 6073
116600 6075
116700 6080
116800 6082
116900 6084
117000 6086
117100 6096
117200 6101
117300 6103
117400 6109
117500 6114
117600 6115
117700 6117
117800 6119
117900 6121
118000 6123
118100 6123
118200 6124
118300 6126
118400 6130
118500 6132
118600 6135
118700 6137
118800 6144
118900 6148
119000 6148
119100 6152
119200 6154
119300 6157
119400 6162
119500 6165
119600 6172
119700 6178
119800 6180
119900 6180
120000 6182
120100 6185
120200 6194
120300 6197
120400 6199
120500 6204
120600 6205
120700 6208
120800 6210
120900 6216
121000 6218
121100 6221
121200 6223
121300 6228
121400 6230
121500 6232
121600 6235
121700 6238
121800 6239
121900 6240
122000 6243
122100 6243
122200 6244
122300 6244
122400 6247
122500 6250
122600 6253
122700 6256
122800 6259
122900 6262
123000 6269
123100 6273
123200 6275
123300 6277
123400 6283
123500 6286
123600 6290
123700 6294
123800 6299
123900 6302
124000 6305
124100 6305
124200 6309
124300 6311
124400 6316
124500 6320
124600 6323
124700 6326
124800 6328
124900 6330
125000 6333
125100 6335
125200 6340
125300 6341
125400 6342
125500 6343
125600 6344
125700 6347
125800 6347
125900 6349
126000 6350
126100 6351
126200 6353
126300 6356
126400 6357
126500 6359
126600 6362
126700 6367
126800 6371
126900 6374
127000 6377
127100 6381
127200 6383
127300 6388
127400 6394
127500 6395
127600 6399
127700 6404
127800 6411
127900 6412
128000 6413
128100 6416
128200 6420
128300 6421
128400 6424
128500 6425
128600 6427
128700 6429
128800 6430
128900 6430
129000 6433
129100 6436
129200 6438
129300 6441
129400 6445
129500 6446
129600 6449
129700 6451
129800 6453
129900 6456
130000 6464
130100 6466
130200 6472
130300 6474
130400 6479
130500 6480
130600 6483
130700 6484
130800 6488
130900 6490
131000 6492
131100 6495
131200 6499
131300 6502
131400 6503
131500 6505
131600 6509
131700 6511
131800 6511
131900 6514
132000 6515
132100 6518
132200 6521
132300 6528
132400 6532
132500 6535
132600 6541
132700 6548
132800 6552
132900 6559
133000 6564
133100 6565
133200 6565
133300 6565
133400 6567
133500 6571
133600 6573
133700 6574
133800 6576
133900 6578
134000 6579
134100 6582
134200 6586
134300 6591
134400 6591
134500 6594
134600 6601
134700 6602
134800 6605
134900 6611
135000 6615
135100 6616
135200 6618
135300 6619
135400 6620
135500 6622
135600 6630
135700 6632
135800 6637
135900 6639
136000 6640
136100 6641
136200 6645
136300 6647
136400 6649
136500 6650
136600 6651
136700 6656
136800 6659
136900 6660
137000 6662
137100 6663
137200 6664
137300 6666
137400 6667
137500 6673
137600 6674
137700 6677
137800 6679
137900 6682
138000 6686
138100 6688
138200 6688
138300 6691
138400 6691
138500 6691
138600 6693
138700 6694
138800 6695
138900 6696
139000 6700
139100 6703
139200 6704
139300 6705
139400 6709
139500 6719
139600 6721
139700 6726
139800 6730
139900 6735
140000 6737
140100 6740
140200 6744
140300 6747
140400 6748
140500 6751
140600 6756
140700 6758
140800 6759
140900 6762
141000 6764
141100 6769
141200 6769
141300 6770
141400 6772
141500 6774
141600 6778
141700 6778
141800 6782
141900 6787
142000 6793
142100 6799
142200 6803
142300 6809
142400 6812
142500 6815
142600 6820
142700 6824
142800 6824
142900 6827
143000 6828
143100 6831
143200 6834
143300 6836
143400 6838
143500 6840
143600 6843
143700 6846
143800 6848
143900 6850
144000 6853
144100 6854
144200 6855
144300 6857
144400 6859
144500 6864
144600 6868
144700 6873
144800 6878
144900 6881
145000 6886
145100 6889
145200 6892
145300 6898
145400 6900
145500 6901
145600 6904
145700 6908
145800 6910
145900 6913
146000 6915
146100 6919
146200 6920
146300 6922
146400 6928
146500 6932
146600 6933
146700 6933
146800 6933
146900 6935
147000 6937
147100 6937
147200 6940
147300 6942
147400 6944
147500 6947
147600 6948
147700 6953
147800 6956
147900 6958
148000 6961
148100 6965
148200 6965
148300 6967
148400 6970
148500 6971
148600 6972
148700 6974
148800 6976
148900 6977
149000 6978
149100 6981
149200 6990
149300 6993
149400 6998
149500 7000
149600 7004
149700 7005
149800 7009
149900 7009
150000 7011
150100 7011
150200 7013
150300 7013
150400 7014
150500 7017
150600 7019
150700 7028
150800 7029
150900 7036
151000 7038
151100 7042
151200 7043
151300 7046
151400 7048
151500 7049
151600 7050
151700 7055
151800 7057
151900 7059
152000 7063
152100 7067
152200 7070
152300 7080
152400 7084
152500 7088
152600 7089
152700 7090
152800 7092
152900 7094
153000 7100
153100 7105
153200 7109
153300 7111
153400 7114
153500 7116
153600 7119
153700 7121
153800 7122
153900 7127
154000 7130
154100 7130
154200 7131
154300 7131
154400 7132
154500 7135
154600 7135
154700 7137
154800 7138
154900 7138
155000 7142
155100 7142
155200 7147
155300 7147
155400 7151
155500 7157
155600 7159
155700 7164
155800 7165
155900 7168
156000 7173
156100 7174
156200 7175
156300 7178
156400 7184
156500 7186
156600 7191
156700 7191
156800 7193
156900 7199
157000 7205
157100 7207
157200 7212
157300 7216
157400 7224
157500 7230
157600 7234
157700 7238
157800 7241
157900 7242
158000 7245
158100 7250
158200 7254
158300 7256
158400 7263
158500 7265
158600 7267
158700 7267
158800 7267
158900 7267
159000 7269
159100 7270
159200 7271
159300 7274
159400 7276
159500 7277
159600 7279
159700 7283
159800 7286
159900 7288
160000 7291
160100 7293
160200 7295
160300 7300
160400 7304
160500 7307
160600 7309
160700 7310
160800 7310
160900 7311
161000 7315
161100 7320
161200 7320
161300 7324
161400 7325
161500 7325
161600 7327
161700 7327
161800 7327
161900 7327
162000 7329
162100 7330
162200 7330
162300 7334
162400 7336
162500 7336
162600 7337
162700 7341
162800 7342
162900 7342
163000 7344
163100 7346
163200 7351
163300 7356
163400 7357
163500 7358
163600 7361
163700 7366
163800 7372
163900 7374
164000 7378
164100 7380
164200 7383
164300 7387
164400 7388
164500 7390
164600 7392
164700 7397
164800 7398
164900 7401
165000 7403
165100 7406
165200 7407
165300 7410
165400 7413
165500 7415
165600 7415
165700 7417
165800 7418
165900 7418
166000 7421
166100 7424
166200 7425
166300 7428
166400 7429
166500 7431
166600 7432
166700 7435
166800 7437
166900 7443
167000 7445
167100 7447
167200 7449
167300 7453
167400 7458
167500 7459
167600 7461
167700 7461
167800 7461
167900 7465
168000 7467
168100 7468
168200 7468
168300 7470
168400 7478
168500 7483
168600 7485
168700 7487
168800 7487
168900 7490
169000 7495
169100 7498
169200 7500
169300 7502
169400 7504
169500 7504
169600 7505
169700 7507
169800 7510
169900 7513
170000 7514
170100 7519
170200 7520
170300 7521
170400 7522
170500 7522
170600 7526
170700 7529
170800 7532
170900 7538
171000 7538
171100 7538
171200 7541
171300 7543
171400 7545
171500 7546
171600 7550
171700 7551
171800 7556
171900 7559
172000 7560
172100 7560
172200 7563
172300 7566
172400 7569
172500 7575
172600 7577
172700 7581
172800 7583
172900 7583
173000 7590
173100 7592
173200 7592
173300 7595
173400 7598
173500 7602
173600 7606
173700 7608
173800 7611
173900 7612
174000 7617
174100 7618
174200 7622
174300 7624
174400 7627
174500 7627
174600 7629
174700 7631
174800 7633
174900 7637
175000 7639
175100 7644
175200 7645
175300 7645
175400 7646
175500 7646
175600 7648
175700 7648
175800 7649
175900 7651
176000 7651
176100 7657
176200 7660
176300 7664
176400 7667
176500 7668
176600 7668
176700 7669
176800 7669
176900 7671
177000 7674
177100 7674
177200 7675
177300 7676
177400 7679
177500 7679
177600 7682
177700 7682
177800 7689
177900 7693
178000 7699
178100 7702
178200 7703
178300 7704
178400 7706
178500 7709
178600 7715
178700 7721
178800 7721
178900 7722
179000 7722
179100 7724
179200 7726
179300 7731
179400 7739
179500 7741
179600 7743
179700 7744
179800 7746
179900 7748
180000 7750
180100 7751
180200 7757
180300 7760
180400 7761
180500 7763
180600 7768
180700 7768
180800 7772
180900 7774
181000 7775
181100 7778
181200 7780
181300 7781
181400 7783
181500 7783
181600 7784
181700 7785
181800 7786
181900 7786
182000 7786
182100 7787
182200 7788
182300 7789
182400 7793
182500 7800
182600 7804
182700 7808
182800 7809
182900 7814
183000 7817
183100 7823
183200 7823
183300 7824
183400 7824
183500 7826
183600 7828
183700 7829
183800 7835
183900 7838
184000 7842
184100 7843
184200 7846
184300 7847
184400 7848
184500 7852
184600 7852
184700 7852
184800 7856
184900 7857
185000 7858
185100 7859
185200 7859
185300 7860
185400 7860
185500 7860
185600 7864
185700 7867
185800 7867
185900 7868
186000 7869
186100 7871
186200 7873
186300 7876
186400 7876
186500 7883
186600 7886
186700 7891
186800 7897
186900 7900
187000 7903
187100 7908
187200 7909
187300 7911
187400 7914
187500 7917
187600 7918
187700 7920
187800 7920
187900 7924
188000 7928
188100 7933
188200 7935
188300 7937
188400 7940
188500 7942
188600 7944
188700 7945
188800 7948
188900 7950
189000 7951
189100 7954
189200 7955
189300 7958
189400 7960
189500 7962
189600 7967
189700 7968
189800 7969
189900 7969
190000 7972
190100 7974
190200 7980
190300 7980
190400 7982
190500 7984
190600 7985
190700 7986
190800 7987
190900 7988
191000 7989
191100 7992
191200 7992
191300 7992
191400 8000
191500 8002
191600 8004
191700 8004
191800 8005
191900 8008
192000 8015
192100 8016
192200 8020
192300 8024
192400 8025
192500 8028
192600 8028
192700 8030
192800 8032
192900 8034
193000 8036
193100 8038
193200 8039
193300 8044
193400 8046
193500 8046
193600 8048
193700 8049
193800 8052
193900 8053
194000 8055
194100 8056
194200 8057
194300 8058
194400 8060
194500 8062
194600 8062
194700 8068
194800 8069
194900 8070
195000 8076
195100 8076
195200 8080
195300 8081
195400 8082
195500 8086
195600 8091
195700 8091
195800 8092
195900 8093
196000 8094
196100 8094
196200 8095
196300 8098
196400 8098
196500 8099
196600 8100
196700 8102
196800 8109
196900 8110
197000 8112
197100 8115
197200 8115
197300 8115
197400 8118
197500 8120
197600 8122
197700 8122
197800 8124
197900 8124
198000 8124
198100 8127
198200 8128
198300 8132
198400 8133
198500 8134
198600 8136
198700 8140
198800 8140
198900 8141
199000 8144
199100 8145
199200 8150
199300 8151
199400 8157
199500 8160
199600 8163
199700 8166
199800 8168
199900 8171
200000 8173
200100 8173
200200 8173
200300 8174
200400 8178
200500 8181
200600 8182
200700 8184
200800 8188
200900 8190
201000 8191
201100 8195
201200 8196
201300 8200
201400 8203
201500 8207
201600 8207
201700 8211
201800 8212
201900 8213
202000 8215
202100 8218
202200 8220
202300 8220
202400 8221
202500 8223
202600 8226
202700 8229
202800 8230
202900 8231
203000 8231
203100 8232
203200 8233
203300 8234
203400 8236
203500 8236
203600 8236
203700 8239
203800 8239
203900 8240
204000 8240
204100 8242
204200 8244
204300 8245
204400 8248
204500 8251
204600 8254
204700 8258
204800 8261
204900 8263
205000 8265
205100 8265
205200 8269
205300 8270
205400 8271
205500 8272
205600 8274
205700 8274
205800 8276
205900 8279
206000 8281
206100 8281
206200 8283
206300 8284
206400 8290
206500 8297
206600 8305
206700 8308
206800 8311
206900 8316
207000 8316
207100 8318
207200 8318
207300 8319
207400 8319
207500 8319
207600 8321
207700 8321
207800 8324
207900 8325
208000 8326
208100 8327
208200 8327
208300 8330
208400 8331
208500 8333
208600 8334
208700 8337
208800 8340
208900 8345
209000 8347
209100 8348
209200 8352
209300 8354
209400 8358
209500 8358
209600 8359
209700 8359
209800 8360
209900 8364
210000 8367
210100 8368
210200 8370
210300 8371
210400 8373
210500 8373
210600 8376
210700 8380
210800 8383
210900 8389
211000 8390
211100 8392
211200 8393
211300 8399
211400 8401
211500 8405
211600 8406
211700 8408
211800 8410
211900 8412
212000 8413
212100 8416
212200 8417
212300 8418
212400 8421
212500 8422
212600 8424
212700 8426
212800 8426
212900 8430
213000 8430
213100 8431
213200 8439
213300 8440
213400 8441
213500 8441
213600 8445
213700 8447
213800 8447
213900 8450
214000 8451
214100 8453
214200 8455
214300 8455
214400 8456
214500 8456
214600 8458
214700 8459
214800 8462
214900 8462
215000 8463
215100 8466
215200 8469
215300 8469
215400 8470
215500 8470
215600 8471
215700 8472
215800 8473
215900 8475
216000 8477
216100 8480
216200 8482
216300 8485
216400 8486
216500 8492
216600 8496
216700 8498
216800 8507
216900 8508
217000 8509
217100 8509
217200 8511
217300 8512
217400 8512
217500 8515
217600 8516
217700 8518
217800 8518
217900 8518
218000 8518
218100 8520
218200 8521
218300 8521
218400 8521
218500 8523
218600 8526
218700 8530
218800 8532
218900 8533
219000 8534
219100 8534
219200 8534
219300 8538
219400 8540
219500 8542
219600 8543
219700 8544
219800 8545
219900 8546
220000 8547
220100 8547
220200 8547
220300 8550
220400 8555
220500 8555
220600 8556
220700 8557
220800 8559
220900 8562
221000 8564
221100 8565
221200 8568
221300 8574
221400 8576
221500 8579
221600 8579
221700 8580
221800 8582
221900 8583
222000 8584
222100 8588
222200 8593
222300 8594
222400 8599
222500 8601
222600 8601
222700 8602
222800 8606
222900 8612
223000 8615
223100 8618
223200 8620
223300 8623
223400 8625
223500 8627
223600 8629
223700 8631
223800 8632
223900 8633
224000 8635
224100 8635
224200 8638
224300 8641
224400 8643
224500 8647
224600 8650
224700 8654
224800 8656
224900 8661
225000 8663
225100 8666
225200 8670
225300 8672
225400 8677
225500 8679
225600 8680
225700 8684
225800 8685
225900 8686
226000 8686
226100 8686
226200 8694
226300 8694
226400 8699
226500 8704
226600 8705
226700 8709
226800 8712
226900 8714
227000 8715
227100 8715
227200 8716
227300 8718
227400 8718
227500 8718
227600 8718
227700 8720
227800 8722
227900 8724
228000 8725
228100 8726
228200 8729
228300 8731
228400 8732
228500 8733
228600 8735
228700 8736
228800 8737
228900 8739
229000 8740
229100 8741
229200 8744
229300 8745
229400 8748
229500 8748
229600 8758
229700 8763
229800 8767
229900 8767
230000 8769
230100 8771
230200 8774
230300 8776
230400 8779
230500 8782
230600 8785
230700 8785
230800 8791
230900 8793
231000 8794
231100 8795
231200 8798
231300 8799
231400 8799
231500 8800
231600 8804
231700 8804
231800 8805
231900 8807
232000 8807
232100 8807
232200 8812
232300 8813
232400 8814
232500 8814
232600 8822
232700 8826
232800 8831
232900 8836
233000 8841
233100 8842
233200 8843
233300 8845
233400 8847
233500 8849
233600 8853
233700 8856
233800 8857
233900 8860
234000 8861
234100 8863
234200 8870
234300 8872
234400 8874
234500 8874
234600 8874
234700 8874
234800 8878
234900 8880
235000 8882
235100 8883
235200 8884
235300 8886
235400 8886
235500 8887
235600 8887
235700 8888
235800 8889
235900 8890
236000 8896
236100 8900
236200 8901
236300 8907
236400 8910
236500 8912
236600 8912
236700 8913
236800 8916
236900 8916
237000 8917
237100 8917
237200 8917
237300 8918
237400 8919
237500 8922
237600 8923
237700 8924
237800 8924
237900 8925
238000 8926
238100 8926
238200 8930
238300 8931
238400 8932
238500 8933
238600 8933
238700 8936
238800 8937
238900 8940
239000 8943
239100 8946
239200 8947
239300 8949
239400 8959
239500 8963
239600 8965
239700 8970
239800 8978
239900 8984
240000 8986
240100 8989
240200 8991
240300 8992
240400 8996
240500 9000
240600 9002
240700 9005
240800 9008
240900 9013
241000 9015
241100 9017
241200 9017
241300 9018
241400 9021
241500 9022
241600 9022
241700 9023
241800 9024
241900 9027
242000 9031
242100 9032
242200 9033
242300 9040
242400 9045
242500 9045
242600 9047
242700 9049
242800 9050
242900 9052
243000 9057
243100 9058
243200 9060
243300 9062
243400 9064
243500 9069
243600 9069
243700 9071
243800 9073
243900 9074
244000 9075
244100 9075
244200 9076
244300 9077
244400 9078
244500 9080
244600 9082
244700 9082
244800 9085
244900 9087
245000 9087
245100 9088
245200 9090
245300 9095
245400 9096
245500 9099
245600 9099
245700 9102
245800 9103
245900 9107
246000 9110
246100 9111
246200 9116
246300 9117
246400 9123
246500 9127
246600 9128
246700 9129
246800 9130
246900 9130
247000 9135
247100 9141
247200 9141
247300 9143
247400 9147
247500 9148
247600 9149
247700 9151
247800 9151
247900 9151
248000 9154
248100 9156
248200 9158
248300 9158
248400 9158
248500 9159
248600 9159
248700 9162
248800 9162
248900 9166
249000 9168
249100 9169
249200 9169
249300 9170
249400 9172
249500 9174
249600 9176
249700 9176
249800 9181
249900 9185
250000 9187
250100 9191
250200 9193
250300 9193
250400 9195
250500 9196
250600 9197
250700 9201
250800 9203
250900 9205
251000 9207
251100 9208
251200 9209
251300 9211
251400 9214
251500 9215
251600 9217
251700 9218
251800 9219
251900 9220
252000 9224
252100 9226
252200 9226
252300 9229
252400 9230
252500 9231
252600 9231
252700 9232
252800 9234
252900 9237
253000 9238
253100 9239
253200 9241
253300 9241
253400 9243
253500 9245
253600 9249
253700 9250
253800 9252
253900 9254
254000 9257
254100 9260
254200 9260
254300 9263
254400 9267
254500 9269
254600 9271
254700 9274
254800 9277
254900 9280
255000 9284
255100 9287
255200 9292
255300 9297
255400 9301
255500 9305
255600 9305
255700 9309
255800 9311
255900 9313
256000 9313
256100 9315
256200 9317
256300 9319
256400 9322
256500 9324
256600 9325
256700 9328
256800 9329
256900 9329
257000 9330
257100 9332
257200 9332
257300 9333
257400 9333
257500 9336
257600 9338
257700 9339
257800 9342
257900 9348
258000 9351
258100 9354
258200 9355
258300 9360
258400 9361
258500 9362
258600 9362
258700 9364
258800 9364
258900 9365
259000 9367
259100 9367
259200 9367
259300 9367
259400 9367
259500 9367
259600 9369
259700 9371
259800 9374
259900 9376
260000 9377
260100 9379
260200 9379
260300 9380
260400 9381
260500 9384
260600 9385
260700 9388
260800 9390
260900 9390
261000 9395
261100 9396
261200 9399
261300 9402
261400 9404
261500 9406
261600 9406
261700 9406
261800 9408
261900 9409
262000 9410
262100 9411
262200 9411
262300 9412
262400 9413
262500 9417
262600 9424
262700 9431
262800 9432
262900 9436
263000 9437
263100 9438
263200 9440
263300 9441
263400 9442
263500 9443
263600 9443
263700 9445
263800 9448
263900 9450
264000 9454
264100 9457
264200 9457
264300 9457
264400 9458
264500 9460
264600 9461
264700 9466
264800 9466
264900 9467
265000 9471
265100 9480
265200 9482
265300 9486
265400 9486
265500 9488
265600 9490
265700 9492
265800 9495
265900 9500
266000 9502
266100 9505
266200 9506
266300 9511
266400 9512
266500 9512
266600 9514
266700 9518
266800 9519
266900 9520
267000 9521
267100 9521
267200 9522
267300 9525
267400 9528
267500 9529
267600 9530
267700 9531
267800 9535
267900 9537
268000 9540
268100 9540
268200 9541
268300 9543
268400 9545
268500 9549
268600 9555
268700 9560
268800 9562
268900 9564
269000 9567
269100 9571
269200 9571
269300 9573
269400 9574
269500 9575
269600 9578
269700 9581
269800 9582
269900 9583
270000 9585
270100 9586
270200 9588
270300 9588
270400 9588
270500 9593
270600 9594
270700 9597
270800 9600
270900 9602
271000 9604
271100 9607
271200 9608
271300 9610
271400 9612
271500 9613
271600 9616
271700 9617
271800 9619
271900 9622
272000 9622
272100 9623
272200 9625
272300 9626
272400 9627
272500 9630
272600 9631
272700 9633
272800 9638
272900 9640
273000 9642
273100 9647
273200 9648
273300 9648
273400 9651
273500 9652
273600 9655
273700 9656
273800 9656
273900 9657
274000 9662
274100 9666
274200 9669
274300 9674
274400 9677
274500 9679
274600 9680
274700 9682
274800 9685
274900 9688
275000 9691
275100 9693
275200 9695
275300 9695
275400 9699
275500 9701
275600 9704
275700 9705
275800 9706
275900 9709
276000 9710
276100 9710
276200 9711
276300 9712
276400 9713
276500 9715
276600 9717
276700 9718
276800 9718
276900 9721
277000 9727
277100 9728
277200 9730
277300 9730
277400 9731
277500 9731
277600 9737
277700 9739
277800 9739
277900 9743
278000 9744
278100 9748
278200 9750
278300 9753
278400 9755
278500 9755
278600 9756
278700 9758
278800 9761
278900 9763
279000 9764
279100 9766
279200 9769
279300 9770
279400 9775
279500 9779
279600 9780
279700 9781
279800 9785
279900 9786
280000 9790
280100 9792
280200 9793
280300 9795
280400 9796
280500 9800
280600 9806
280700 9811
280800 9815
280900 9818
281000 9823
281100 9825
281200 9827
281300 9831
281400 9831
281500 9832
281600 9836
281700 9838
281800 9838
281900 9839
282000 9839
282100 9841
282200 9844
282300 9846
282400 9852
282500 9855
282600 9856
282700 9856
282800 9859
282900 9862
283000 9862
283100 9863
283200 9865
283300 9868
283400 9869
283500 9870
283600 9874
283700 9876
283800 9877
283900 9877
284000 9878
284100 9880
284200 9883
284300 9885
284400 9887
284500 9887
284600 9893
284700 9894
284800 9899
284900 9901
285000 9902
285100 9904
285200 9906
285300 9909
285400 9911
285500 9912
285600 9912
285700 9915
285800 9917
285900 9918
286000 9919
286100 9919
286200 9920
286300 9920
286400 9920
286500 9921
286600 9922
286700 9922
286800 9924
286900 9926
287000 9926
287100 9927
287200 9930
287300 9935
287400 9937
287500 9940
287600 9941
287700 9948
287800 9950
287900 9951
288000 9953
288100 9954
288200 9955
288300 9955
288400 9955
288500 9955
288600 9955
288700 9956
288800 9957
288900 9957
289000 9958
289100 9959
289200 9960
289300 9960
289400 9961
289500 9961
289600 9961
289700 9964
289800 9966
289900 9967
290000 9968
290100 9969
290200 9974
290300 9976
290400 9977
290500 9980
290600 9985
290700 9985
290800 9987
290900 9988
291000 9991
291100 9993
291200 9997
291300 9999
291400 9999
291500 10001
291600 10003
291700 10006
291800 10007
291900 10009
292000 10009
292100 10009
292200 10009
292300 10010
292400 10011
292500 10015
292600 10018
292700 10021
292800 10023
292900 10026
293000 10026
293100 10027
293200 10031
293300 10033
293400 10035
293500 10035
293600 10035
293700 10037
293800 10040
293900 10043
294000 10048
294100 10052
294200 10057
294300 10060
294400 10065
294500 10066
294600 10071
294700 10072
294800 10074
294900 10080
295000 10082
295100 10085
295200 10091
295300 10093
295400 10093
295500 10095
295600 10098
295700 10098
295800 10098
295900 10099
296000 10100
296100 10102
296200 10104
296300 10107
296400 10109
296500 10111
296600 10113
296700 10114
296800 10116
296900 10119
297000 10125
297100 10125
297200 10126
297300 10129
297400 10130
297500 10133
297600 10134
297700 10137
297800 10146
297900 10149
298000 10150
298100 10151
298200 10152
298300 10152
298400 10155
298500 10161
298600 10164
298700 10166
298800 10168
298900 10172
299000 10174
299100 10176
299200 10178
299300 10179
299400 10182
299500 10185
299600 10187
299700 10188
299800 10189
299900 10191
300000 10193
300100 10196
300200 10197
300300 10197
300400 10198
300500 10200
300600 10203
300700 10203
300800 10203
300900 10205
301000 10205
301100 10208
301200 10212
301300 10212
301400 10212
301500 10213
301600 10213
301700 10215
301800 10217
301900 10221
302000 10222
302100 10223
302200 10223
302300 10226
302400 10233
302500 10237
302600 10242
302700 10244
302800 10244
302900 10248
303000 10250
303100 10250
303200 10257
303300 10260
303400 10263
303500 10264
303600 10266
303700 10269
303800 10269
303900 10269
304000 10270
304100 10270
304200 10272
304300 10272
304400 10273
304500 10273
304600 10274
304700 10275
304800 10275
304900 10277
305000 10277
305100 10278
305200 10284
305300 10289
305400 10291
305500 10293
305600 10293
305700 10296
305800 10296
305900 10297
306000 10299
306100 10299
306200 10301
306300 10302
306400 10303
306500 10303
306600 10303
306700 10305
306800 10307
306900 10310
307000 10310
307100 10310
307200 10310
307300 10310
307400 10310
307500 10310
307600 10310
307700 10310
307800 10314
307900 10315
308000 10316
308100 10317
308200 10317
308300 10319
308400 10319
308500 10320
308600 10324
308700 10325
308800 10328
308900 10329
309000 10330
309100 10332
309200 10333
309300 10336
309400 10338
309500 10338
309600 10341
309700 10341
309800 10341
309900 10343
310000 10345
310100 10345
310200 10350
310300 10350
310400 10357
310500 10361
310600 10361
310700 10361
310800 10363
310900 10366
311000 10371
311100 10372
311200 10373
311300 10376
311400 10379
311500 10381
311600 10381
311700 10384
311800 10387
311900 10390
312000 10392
312100 10394
312200 10397
312300 10399
312400 10402
312500 10405
312600 10405
312700 10407
312800 10408
312900 10410
313000 10412
313100 10413
313200 10413
313300 10415
313400 10417
313500 10418
313600 10420
313700 10421
313800 10422
313900 10423
314000 10425
314100 10426
314200 10433
314300 10434
314400 10435
314500 10443
314600 10444
314700 10449
314800 10450
314900 10451
315000 10457
315100 10460
315200 10462
315300 10465
315400 10466
315500 10467
315600 10470
315700 10473
315800 10475
315900 10482
316000 10485
316100 10489
316200 10490
316300 10492
316400 10494
316500 10499
316600 10503
316700 10506
316800 10506
316900 10507
317000 10509
317100 10510
317200 10511
317300 10511
317400 10512
317500 10513
317600 10514
317700 10519
317800 10522
317900 10522
318000 10524
318100 10527
318200 10528
318300 10528
318400 10529
318500 10532
318600 10534
318700 10534
318800 10537
318900 10538
319000 10538
319100 10540
319200 10543
319300 10544
319400 10544
319500 10546
319600 10548
319700 10548
319800 10548
319900 10548
320000 10549
320100 10552
320200 10553
320300 10555
320400 10555
320500 10556
320600 10558
320700 10558
320800 10559
320900 10563
321000 10566
321100 10571
321200 10575
321300 10576
321400 10582
321500 10583
321600 10583
321700 10583
321800 10583
321900 10588
322000 10590
322100 10591
322200 10591
322300 10592
322400 10594
322500 10594
322600 10595
322700 10596
322800 10597
322900 10600
323000 10606
323100 10606
323200 10606
323300 10607
323400 10607
323500 10611
323600 10612
323700 10612
323800 10614
323900 10617
324000 10617
324100 10618
324200 10619
324300 10623
324400 10624
324500 10627
324600 10631
324700 10634
324800 10636
324900 10637
325000 10640
325100 10640
325200 10643
325300 10644
325400 10644
325500 10646
325600 10649
325700 10650
325800 10650
325900 10654
326000 10654
326100 10654
326200 10654
326300 10656
326400 10658
326500 10659
326600 10660
326700 10660
326800 10660
326900 10660
327000 10661
327100 10663
327200 10665
327300 10667
327400 10667
327500 10668
327600 10671
327700 10672
327800 10673
327900 10676
328000 10676
328100 10677
328200 10679
328300 10681
328400 10682
328500 10684
328600 10684
328700 10684
328800 10685
328900 10687
329000 10689
329100 10689
329200 10689
329300 10689
329400 10693
329500 10695
329600 10697
329700 10698
329800 10698
329900 10700
330000 10702
330100 10705
330200 10705
330300 10709
330400 10710
330500 10710
330600 10711
330700 10712
330800 10713
330900 10714
331000 10715
331100 10716
331200 10716
331300 10716
331400 10716
331500 10717
331600 10719
331700 10719
331800 10719
331900 10719
332000 10720
332100 10721
332200 10725
332300 10728
332400 10728
332500 10730
332600 10734
332700 10740
332800 10743
332900 10751
333000 10756
333100 10760
333200 10764
333300 10765
333400 10773
333500 10781
333600 10785
333700 10787
333800 10787
333900 10787
334000 10787
334100 10789
334200 10789
334300 10790
334400 10790
334500 10791
334600 10793
334700 10797
334800 10800
334900 10800
335000 10801
335100 10804
335200 10805
335300 10805
335400 10807
335500 10810
335600 10812
335700 10816
335800 10817
335900 10818
336000 10822
336100 10824
336200 10825
336300 10829
336400 10830
336500 10832
336600 10834
336700 10834
336800 10835
336900 10836
337000 10838
337100 10840
337200 10843
337300 10846
337400 10846
337500 10846
337600 10847
337700 10851
337800 10854
337900 10854
338000 10855
338100 10859
338200 10860
338300 10860
338400 10860
338500 10862
338600 10865
338700 10869
338800 10872
338900 10877
339000 10878
339100 10881
339200 10883
339300 10885
339400 10886
339500 10890
339600 10893
339700 10894
339800 10895
339900 10896
340000 10899
340100 10903
340200 10905
340300 10906
340400 10909
340500 10910
340600 10913
340700 10918
340800 10920
340900 10924
341000 10927
341100 10930
341200 10934
341300 10937
341400 10939
341500 10943
341600 10946
341700 10948
341800 10949
341900 10953
342000 10955
342100 10956
342200 10957
342300 10957
342400 10957
342500 10958
342600 10965
342700 10967
342800 10972
342900 10973
343000 10975
343100 10978
343200 10983
343300 10985
343400 10990
343500 10993
343600 10995
343700 10999
343800 11001
343900 11002
344000 11004
344100 11005
344200 11006
344300 11008
344400 11008
344500 11009
344600 11010
344700 11011
344800 11011
344900 11012
345000 11014
345100 11017
345200 11021
345300 11022
345400 11027
345500 11029
345600 11029
345700 11030
345800 11032
345900 11032
346000 11035
346100 11038
346200 11038
346300 11040
346400 11042
346500 11045
346600 11045
346700 11050
346800 11051
346900 11053
347000 11057
347100 11058
347200 11059
347300 11060
347400 11061
347500 11062
347600 11063
347700 11065
347800 11066
347900 11070
348000 11073
348100 11076
348200 11079
348300 11080
348400 11081
348500 11081
348600 11083
348700 11085
348800 11085
348900 11088
349000 11090
349100 11091
349200 11092
349300 11093
349400 11096
349500 11098
349600 11099
349700 11099
349800 11100
349900 11100
350000 11101
350100 11103
350200 11104
350300 11105
350400 11107
350500 11111
350600 11111
350700 11112
350800 11113
350900 11114
351000 11114
351100 11116
351200 11116
351300 11118
351400 11118
351500 11121
351600 11121
351700 11122
351800 11124
351900 11128
352000 11131
352100 11131
352200 11131
352300 11132
352400 11134
352500 11141
352600 11144
352700 11147
352800 11148
352900 11150
353000 11153
353100 11157
353200 11160
353300 11161
353400 11162
353500 11162
353600 11164
353700 11167
353800 11167
353900 11168
354000 11168
354100 11169
354200 11172
354300 11174
354400 11175
354500 11176
354600 11177
354700 11181
354800 11182
354900 11185
355000 11186
355100 11190
355200 11194
355300 11196
355400 11196
355500 11198
355600 11201
355700 11207
355800 11207
355900 11209
356000 11210
356100 11214
356200 11214
356300 11214
356400 11215
356500 11215
356600 11216
356700 11219
356800 11221
356900 11222
357000 11222
357100 11222
357200 11224
357300 11224
357400 11224
357500 11225
357600 11226
357700 11229
357800 11230
357900 11231
358000 11234
358100 11237
358200 11242
358300 11246
358400 11247
358500 11249
358600 11251
358700 11251
358800 11253
358900 11254
359000 11255
359100 11257
359200 11261
359300 11263
359400 11266
359500 11267
359600 11271
359700 11272
359800 11272
359900 11272
360000 11274
360100 11277
360200 11279
360300 11280
360400 11285
360500 11289
360600 11289
360700 11291
360800 11291
360900 11295
361000 11295
361100 11295
361200 11296
361300 11296
361400 11296
361500 11298
361600 11301
361700 11301
361800 11301
361900 11303
362000 11303
362100 11305
362200 11307
362300 11310
362400 11312
362500 11315
362600 11320
362700 11320
362800 11321
362900 11324
363000 11325
363100 11327
363200 11327
363300 11327
363400 11329
363500 11330
363600 11331
363700 11335
363800 11337
363900 11339
364000 11341
364100 11342
364200 11343
364300 11343
364400 11344
364500 11346
364600 11347
364700 11348
364800 11349
364900 11350
365000 11352
365100 11356
365200 11359
365300 11362
365400 11364
365500 11364
365600 11366
365700 11369
365800 11372
365900 11372
366000 11374
366100 11379
366200 11381
366300 11386
366400 11387
366500 11391
366600 11392
366700 11394
366800 11399
366900 11401
367000 11402
367100 11404
367200 11405
367300 11409
367400 11411
367500 11414
367600 11415
367700 11417
367800 11419
367900 11421
368000 11422
368100 11423
368200 11426
368300 11429
368400 11431
368500 11433
368600 11437
368700 11438
368800 11438
368900 11440
369000 11445
369100 11447
369200 11452
369300 11454
369400 11456
369500 11457
369600 11460
369700 11461
369800 11461
369900 11461
370000 11462
370100 11463
370200 11466
370300 11466
370400 11469
370500 11470
370600 11471
370700 11472
370800 11473
370900 11475
371000 11477
371100 11479
371200 11481
371300 11483
371400 11485
371500 11486
371600 11486
371700 11486
371800 11487
371900 11488
372000 11489
372100 11489
372200 11492
372300 11495
372400 11500
372500 11501
372600 11502
372700 11504
372800 11506
372900 11508
373000 11510
373100 11515
373200 11520
373300 11524
373400 11525
373500 11525
373600 11526
373700 11529
373800 11530
373900 11536
374000 11537
374100 11539
374200 11541
374300 11544
374400 11548
374500 11548
374600 11549
374700 11550
374800 11552
374900 11553
375000 11553
375100 11554
375200 11557
375300 11561
375400 11563
375500 11564
375600 11567
375700 11567
375800 11570
375900 11574
376000 11575
376100 11578
376200 11581
376300 11584
376400 11585
376500 11586
376600 11589
376700 11590
376800 11590
376900 11594
377000 11596
377100 11596
377200 11600
377300 11601
377400 11605
377500 11610
377600 11613
377700 11617
377800 11619
377900 11622
378000 11622
378100 11627
378200 11628
378300 11631
378400 11631
378500 11633
378600 11636
378700 11638
378800 11642
378900 11645
379000 11647
379100 11652
379200 11656
379300 11659
379400 11661
379500 11664
379600 11665
379700 11667
379800 11669
379900 11669
380000 11672
380100 11675
380200 11675
380300 11677
380400 11678
380500 11686
380600 11690
380700 11693
380800 11694
380900 11694
381000 11698
381100 11698
381200 11701
381300 11702
381400 11707
381500 11708
381600 11708
381700 11709
381800 11711
381900 11712
382000 11715
382100 11716
382200 11718
382300 11718
382400 11719
382500 11721
382600 11723
382700 11726
382800 11728
382900 11728
383000 11730
383100 11732
383200 11734
383300 11735
383400 11739
383500 11743
383600 11746
383700 11748
383800 11750
383900 11752
384000 11758
384100 11760
384200 11761
384300 11764
384400 11764
384500 11765
384600 11766
384700 11767
384800 11769
384900 11769
385000 11773
385100 11777
385200 11780
385300 11782
385400 11783
385500 11783
385600 11783
385700 11784
385800 11788
385900 11789
386000 11791
386100 11793
386200 11795
386300 11797
386400 11797
386500 11799
386600 11801
386700 11801
386800 11802
386900 11804
387000 11806
387100 11808
387200 11810
387300 11810
387400 11810
387500 11811
387600 11811
387700 11813
387800 11815
387900 11818
388000 11818
388100 11819
388200 11821
388300 11822
388400 11822
388500 11824
388600 11826
388700 11828
388800 11828
388900 11830
389000 11833
389100 11835
389200 11836
389300 11836
389400 11837
389500 11838
389600 11842
389700 11844
389800 11846
389900 11853
390000 11854
390100 11857
390200 11860
390300 11860
390400 11862
390500 11866
390600 11867
390700 11868
390800 11870
390900 11870
391000 11873
391100 11876
391200 11879
391300 11883
391400 11886
391500 11888
391600 11890
391700 11894
391800 11899
391900 11900
392000 11902
392100 11904
392200 11904
392300 11905
392400 11906
392500 11907
392600 11907
392700 11908
392800 11908
392900 11909
393000 11910
393100 11911
393200 11915
393300 11918
393400 11919
393500 11921
393600 11922
393700 11924
393800 11926
393900 11926
394000 11929
394100 11931
394200 11932
394300 11935
394400 11935
394500 11935
394600 11936
394700 11938
394800 11939
394900 11939
395000 11941
395100 11941
395200 11943
395300 11943
395400 11946
395500 11947
395600 11949
395700 11949
395800 11953
395900 11955
396000 11958
396100 11961
396200 11962
396300 11964
396400 11965
396500 11966
396600 11968
396700 11968
396800 11971
396900 11971
397000 11972
397100 11972
397200 11975
397300 11976
397400 11977
397500 11978
397600 11979
397700 11982
397800 11983
397900 11985
398000 11988
398100 11994
398200 11997
398300 12000
398400 12004
398500 12008
398600 12008
398700 12008
398800 12010
398900 12010
399000 12014
399100 12016
399200 12016
399300 12016
399400 12016
399500 12018
399600 12019
399700 12021
399800 12022
399900 12027
400000 12032
400100 12034
400200 12035
400300 12038
400400 12044
400500 12044
400600 12048
400700 12049
400800 12051
400900 12052
401000 12054
401100 12057
401200 12058
401300 12058
401400 12059
401500 12061
401600 12062
401700 12063
401800 12063
401900 12064
402000 12064
402100 12065
402200 12067
402300 12070
402400 12073
402500 12074
402600 12075
402700 12075
402800 12077
402900 12081
403000 12082
403100 12083
403200 12084
403300 12086
403400 12087
403500 12089
403600 12091
403700 12093
403800 12094
403900 12096
404000 12096
404100 12097
404200 12097
404300 12098
404400 12101
404500 12102
404600 12102
404700 12104
404800 12105
404900 12105
405000 12106
405100 12107
405200 12111
405300 12113
405400 12113
405500 12116
405600 12117
405700 12119
405800 12119
405900 12120
406000 12123
406100 12124
406200 12126
406300 12128
406400 12133
406500 12135
406600 12137
406700 12138
406800 12139
406900 12143
407000 12143
407100 12144
407200 12148
407300 12154
407400 12156
407500 12156
407600 12157
407700 12161
407800 12163
407900 12163
408000 12163
408100 12165
408200 12169
408300 12171
408400 12174
408500 12176
408600 12179
408700 12181
408800 12183
408900 12183
409000 12183
409100 12184
409200 12184
409300 12189
409400 12191
409500 12191
409600 12194
409700 12194
409800 12195
409900 12198
410000 12201
410100 12206
410200 12207
410300 12213
410400 12214
410500 12219
410600 12221
410700 12221
410800 12224
410900 12225
411000 12225
411100 12225
411200 12225
411300 12227
411400 12228
411500 12229
411600 12231
411700 12233
411800 12236
411900 12238
412000 12240
412100 12241
412200 12243
412300 12245
412400 12246
412500 12247
412600 12248
412700 12248
412800 12251
412900 12251
413000 12251
413100 12251
413200 12252
413300 12253
413400 12254
413500 12256
413600 12257
413700 12258
413800 12260
413900 12262
414000 12263
414100 12264
414200 12266
414300 12266
414400 12268
414500 12270
414600 12270
414700 12271
414800 12272
414900 12273
415000 12273
415100 12275
415200 12279
415300 12280
415400 12281
415500 12283
415600 12285
415700 12285
415800 12287
415900 12287
416000 12288
416100 12291
416200 12292
416300 12294
416400 12295
416500 12296
416600 12297
416700 12301
416800 12303
416900 12305
417000 12306
417100 12307
417200 12309
417300 12312
417400 12313
417500 12316
417600 12316
417700 12318
417800 12322
417900 12324
418000 12326
418100 12328
418200 12330
418300 12331
418400 12332
418500 12332
418600 12335
418700 12338
418800 12340
418900 12345
419000 12348
419100 12349
419200 12349
419300 12350
419400 12350
419500 12352
419600 12354
419700 12358
419800 12360
419900 12360
420000 12362
420100 12363
420200 12363
420300 12366
420400 12366
420500 12368
420600 12370
420700 12370
420800 12371
420900 12373
421000 12376
421100 12379
421200 12380
421300 12380
421400 12381
421500 12382
421600 12384
421700 12388
421800 12390
421900 12392
422000 12396
422100 12398
422200 12400
422300 12402
422400 12402
422500 12404
422600 12404
422700 12406
422800 12407
422900 12407
423000 12407
423100 12407
423200 12408
423300 12409
423400 12410
423500 12410
423600 12410
423700 12413
423800 12415
423900 12415
424000 12416
424100 12419
424200 12419
424300 12422
424400 12425
424500 12425
424600 12427
424700 12428
424800 12429
424900 12429
425000 12430
425100 12433
425200 12436
425300 12439
425400 12442
425500 12443
425600 12447
425700 12447
425800 12449
425900 12450
426000 12452
426100 12454
426200 12458
426300 12459
426400 12460
426500 12461
426600 12464
426700 12469
426800 12473
426900 12474
427000 12475
427100 12477
427200 12480
427300 12481
427400 12482
427500 12487
427600 12490
427700 12490
427800 12490
427900 12492
428000 12494
428100 12495
428200 12495
428300 12498
428400 12498
428500 12500
428600 12503
428700 12503
428800 12505
428900 12507
429000 12507
429100 12509
429200 12511
429300 12513
429400 12513
429500 12515
429600 12517
429700 12518
429800 12521
429900 12522
430000 12522
430100 12523
430200 12524
430300 12525
430400 12527
430500 12527
430600 12532
430700 12534
430800 12534
430900 12535
431000 12540
431100 12540
431200 12542
431300 12544
431400 12545
431500 12546
431600 12549
431700 12549
431800 12550
431900 12552
432000 12554
432100 12559
432200 12560
432300 12561
432400 12563
432500 12564
432600 12566
432700 12567
432800 12569
432900 12570
433000 12572
433100 12572
433200 12574
433300 12575
433400 12575
433500 12577
433600 12580
433700 12583
433800 12585
433900 12594
434000 12598
434100 12601
434200 12603
434300 12605
434400 12606
434500 12607
434600 12610
434700 12610
434800 12611
434900 12611
435000 12611
435100 12612
435200 12612
435300 12613
435400 12613
435500 12614
435600 12614
435700 12615
435800 12616
435900 12617
436000 12619
436100 12621
436200 12623
436300 12624
436400 12625
436500 12625
436600 12630
436700 12634
436800 12635
436900 12635
437000 12635
437100 12636
437200 12637
437300 12637
437400 12638
437500 12638
437600 12639
437700 12639
437800 12640
437900 12640
438000 12641
438100 12642
438200 12642
438300 12645
438400 12649
438500 12653
438600 12654
438700 12656
438800 12657
438900 12658
439000 12661
439100 12665
439200 12668
439300 12669
439400 12670
439500 12672
439600 12673
439700 12674
439800 12675
439900 12676
440000 12679
440100 12682
440200 12686
440300 12690
440400 12690
440500 12694
440600 12696
440700 12700
440800 12700
440900 12703
441000 12705
441100 12705
441200 12705
441300 12707
441400 12708
441500 12713
441600 12714
441700 12715
441800 12716
441900 12718
442000 12725
442100 12726
442200 12727
442300 12728
442400 12730
442500 12731
442600 12732
442700 12734
442800 12734
442900 12735
443000 12735
443100 12736
443200 12738
443300 12738
443400 12738
443500 12738
443600 12739
443700 12740
443800 12741
443900 12741
444000 12744
444100 12748
444200 12749
444300 12749
444400 12750
444500 12750
444600 12752
444700 12755
444800 12755
444900 12757
445000 12758
445100 12761
445200 12763
445300 12764
445400 12765
445500 12767
445600 12767
445700 12769
445800 12771
445900 12771
446000 12772
446100 12772
446200 12774
446300 12774
446400 12775
446500 12776
446600 12777
446700 12779
446800 12780
446900 12781
447000 12782
447100 12783
447200 12786
447300 12788
447400 12788
447500 12791
447600 12791
447700 12792
447800 12793
447900 12795
448000 12796
448100 12797
448200 12797
448300 12797
448400 12799
448500 12799
448600 12801
448700 12802
448800 12802
448900 12805
449000 12811
449100 12812
449200 12812
449300 12812
449400 12812
449500 12813
449600 12814
449700 12815
449800 12819
449900 12819
450000 12821
450100 12821
450200 12823
450300 12824
450400 12824
450500 12826
450600 12826
450700 12826
450800 12828
450900 12828
451000 12831
451100 12831
451200 12833
451300 12834
451400 12835
451500 12835
451600 12835
451700 12838
451800 12841
451900 12842
452000 12844
452100 12845
452200 12847
452300 12849
452400 12851
452500 12854
452600 12860
452700 12860
452800 12860
452900 12862
453000 12865
453100 12869
453200 12869
453300 12874
453400 12875
453500 12875
453600 12877
453700 12877
453800 12879
453900 12884
454000 12884
454100 12888
454200 12890
454300 12893
454400 12893
454500 12893
454600 12894
454700 12896
454800 12896
454900 12897
455000 12898
455100 12900
455200 12901
455300 12903
455400 12904
455500 12904
455600 12907
455700 12907
455800 12913
455900 12913
456000 12914
456100 12916
456200 12917
456300 12919
456400 12920
456500 12920
456600 12921
456700 12922
456800 12923
456900 12924
457000 12926
457100 12926
457200 12928
457300 12929
457400 12929
457500 12930
457600 12930
457700 12930
457800 12930
457900 12930
458000 12931
458100 12931
458200 12931
458300 12931
458400 12931
458500 12931
458600 12932
458700 12933
458800 12934
458900 12934
459000 12935
459100 12935
459200 12940
459300 12941
459400 12944
459500 12946
459600 12946
459700 12948
459800 12950
459900 12951
460000 12952
460100 12953
460200 12956
460300 12957
460400 12958
460500 12959
460600 12959
460700 12960
460800 12960
460900 12963
461000 12963
461100 12964
461200 12964
461300 12969
461400 12971
461500 12973
461600 12973
461700 12973
461800 12974
461900 12977
462000 12978
462100 12978
462200 12979
462300 12980
462400 12981
462500 12981
462600 12981
462700 12984
462800 12985
462900 12987
463000 12988
463100 12990
463200 12994
463300 12995
463400 12996
463500 13000
463600 13002
463700 13004
463800 13005
463900 13005
464000 13006
464100 13006
464200 13006
464300 13011
464400 13011
464500 13014
464600 13017
464700 13021
464800 13022
464900 13023
465000 13023
465100 13024
465200 13024
465300 13026
465400 13027
465500 13028
465600 13028
465700 13030
465800 13030
465900 13033
466000 13035
466100 13035
466200 13039
466300 13040
466400 13042
466500 13043
466600 13044
466700 13045
466800 13045
466900 13045
467000 13045
467100 13048
467200 13049
467300 13049
467400 13051
467500 13052
467600 13053
467700 13057
467800 13060
467900 13061
468000 13064
468100 13064
468200 13064
468300 13065
468400 13065
468500 13065
468600 13065
468700 13065
468800 13066
468900 13068
469000 13069
469100 13070
469200 13070
469300 13071
469400 13071
469500 13071
469600 13071
469700 13072
469800 13078
469900 13082
470000 13084
470100 13086
470200 13089
470300 13093
470400 13093
470500 13094
470600 13097
470700 13097
470800 13099
470900 13100
471000 13102
471100 13103
471200 13105
471300 13108
471400 13110
471500 13111
471600 13111
471700 13111
471800 13112
471900 13112
472000 13115
472100 13116
472200 13116
472300 13116
472400 13117
472500 13118
472600 13121
472700 13121
472800 13123
472900 13124
473000 13125
473100 13127
473200 13129
473300 13131
473400 13132
473500 13134
473600 13136
473700 13137
473800 13139
473900 13139
474000 13140
474100 13143
474200 13144
474300 13145
474400 13145
474500 13147
474600 13149
474700 13150
474800 13150
474900 13153
475000 13153
475100 13154
475200 13158
475300 13161
475400 13163
475500 13164
475600 13168
475700 13171
475800 13171
475900 13172
476000 13176
476100 13176
476200 13176
476300 13178
476400 13180
476500 13180
476600 13191
476700 13197
476800 13201
476900 13201
477000 13202
477100 13204
477200 13206
477300 13207
477400 13207
477500 13207
477600 13208
477700 13209
477800 13211
477900 13211
478000 13211
478100 13211
478200 13211
478300 13214
478400 13216
478500 13217
478600 13219
478700 13222
478800 13228
478900 13228
479000 13228
479100 13230
479200 13232
479300 13237
479400 13237
479500 13238
479600 13240
479700 13242
479800 13242
479900 13244
480000 13245
480100 13247
480200 13249
480300 13252
480400 13254
480500 13255
480600 13258
480700 13259
480800 13260
480900 13260
481000 13262
481100 13262
481200 13263
481300 13264
481400 13265
481500 13265
481600 13266
481700 13266
481800 13266
481900 13266
482000 13266
482100 13266
482200 13266
482300 13266
482400 13268
482500 13268
482600 13269
482700 13270
482800 13271
482900 13280
483000 13283
483100 13285
483200 13285
483300 13285
483400 13286
483500 13286
483600 13286
483700 13287
483800 13288
483900 13288
484000 13292
484100 13292
484200 13294
484300 13297
484400 13297
484500 13297
484600 13300
484700 13301
484800 13302
484900 13303
485000 13304
485100 13306
485200 13306
485300 13306
485400 13307
485500 13308
485600 13308
485700 13309
485800 13309
485900 13309
486000 13309
486100 13310
486200 13310
486300 13310
486400 13311
486500 13311
486600 13312
486700 13312
486800 13312
486900 13312
487000 13315
487100 13315
487200 13316
487300 13319
487400 13325
487500 13328
487600 13330
487700 13331
487800 13331
487900 13333
488000 13337
488100 13340
488200 13343
488300 13344
488400 13345
488500 13346
488600 13346
488700 13346
488800 13350
488900 13351
489000 13354
489100 13357
489200 13358
489300 13358
489400 13362
489500 13364
489600 13365
489700 13366
489800 13368
489900 13370
490000 13370
490100 13374
490200 13375
490300 13376
490400 13377
490500 13378
490600 13380
490700 13380
490800 13383
490900 13384
491000 13386
491100 13388
491200 13390
491300 13393
491400 13395
491500 13396
491600 13398
491700 13402
491800 13403
491900 13404
492000 13404
492100 13407
492200 13407
492300 13408
492400 13408
492500 13408
492600 13412
492700 13413
492800 13413
492900 13414
493000 13415
493100 13415
493200 13418
493300 13419
493400 13420
493500 13421
493600 13421
493700 13422
493800 13425
493900 13425
494000 13425
494100 13425
494200 13426
494300 13429
494400 13430
494500 13430
494600 13432
494700 13434
494800 13438
494900 13438
495000 13439
495100 13442
495200 13444
495300 13444
495400 13447
495500 13448
495600 13448
495700 13450
495800 13450
495900 13451
496000 13452
496100 13452
496200 13455
496300 13459
496400 13461
496500 13461
496600 13463
496700 13465
496800 13465
496900 13468
497000 13470
497100 13472
497200 13472
497300 13472
497400 13473
497500 13476
497600 13480
497700 13481
497800 13482
497900 13483
498000 13485
498100 13487
498200 13490
498300 13493
498400 13493
498500 13494
498600 13495
498700 13498
498800 13499
498900 13500
499000 13503
499100 13506
499200 13509
499300 13514
499400 13516
499500 13518
499600 13520
499700 13524
499800 13524
499900 13525
500000 13528
500100 13529
500200 13531
500300 13531
500400 13531
500500 13533
500600 13535
500700 13535
500800 13537
500900 13540
501000 13542
501100 13543
501200 13545
501300 13545
501400 13545
501500 13546
501600 13548
501700 13551
501800 13552
501900 13554
502000 13556
502100 13557
502200 13557
502300 13558
502400 13558
502500 13560
502600 13560
502700 13562
502800 13565
502900 13569
503000 13572
503100 13573
503200 13574
503300 13574
503400 13574
503500 13575
503600 13576
503700 13577
503800 13579
503900 13587
504000 13593
504100 13593
504200 13596
504300 13598
504400 13602
504500 13606
504600 13608
504700 13610
504800 13611
504900 13612
505000 13613
505100 13615
505200 13618
505300 13621
505400 13626
505500 13628
505600 13633
505700 13637
505800 13638
505900 13639
506000 13639
506100 13639
506200 13639
506300 13639
506400 13639
506500 13640
506600 13640
506700 13642
506800 13643
506900 13644
507000 13647
507100 13648
507200 13648
507300 13648
507400 13648
507500 13648
507600 13651
507700 13651
507800 13652
507900 13654
508000 13654
508100 13654
508200 13655
508300 13656
508400 13658
508500 13658
508600 13658
508700 13659
508800 13660
508900 13663
509000 13664
509100 13664
509200 13665
509300 13667
509400 13668
509500 13671
509600 13671
509700 13672
509800 13673
509900 13677
510000 13681
510100 13681
510200 13685
510300 13685
510400 13686
510500 13691
510600 13693
510700 13695
510800 13696
510900 13698
511000 13699
511100 13700
511200 13701
511300 13703
511400 13703
511500 13703
511600 13705
511700 13707
511800 13707
511900 13710
512000 13712
512100 13712
512200 13713
512300 13717
512400 13719
512500 13721
512600 13726
512700 13728
512800 13729
512900 13729
513000 13730
513100 13730
513200 13731
513300 13731
513400 13731
513500 13732
513600 13734
513700 13734
513800 13734
513900 13735
514000 13736
514100 13738
514200 13738
514300 13743
514400 13744
514500 13745
514600 13745
514700 13745
514800 13746
514900 13751
515000 13751
515100 13753
515200 13756
515300 13758
515400 13760
515500 13761
515600 13761
515700 13762
515800 13763
515900 13763
516000 13763
516100 13764
516200 13764
516300 13765
516400 13765
516500 13765
516600 13767
516700 13768
516800 13770
516900 13773
517000 13773
517100 13773
517200 13774
517300 13775
517400 13778
517500 13778
517600 13778
517700 13780
517800 13780
517900 13781
518000 13781
518100 13783
518200 13784
518300 13786
518400 13787
518500 13787
518600 13789
518700 13791
518800 13791
518900 13792
519000 13793
519100 13793
519200 13793
519300 13794
519400 13794
519500 13794
519600 13795
519700 13795
519800 13796
519900 13796
520000 13797
520100 13798
520200 13799
520300 13801
520400 13801
520500 13802
520600 13802
520700 13802
520800 13804
520900 13806
521000 13806
521100 13808
521200 13808
521300 13810
521400 13811
521500 13813
521600 13816
521700 13820
521800 13822
521900 13823
522000 13824
522100 13826
522200 13826
522300 13827
522400 13829
522500 13829
522600 13829
522700 13829
522800 13830
522900 13831
523000 13833
523100 13833
523200 13834
523300 13834
523400 13838
523500 13838
523600 13841
523700 13843
523800 13843
523900 13847
524000 13847
524100 13849
524200 13849
524300 13851
524400 13852
524500 13857
524600 13857
524700 13859
524800 13862
524900 13862
525000 13863
525100 13869
525200 13872
525300 13877
525400 13878
525500 13880
525600 13880
525700 13880
525800 13882
525900 13883
526000 13883
526100 13886
526200 13888
526300 13888
526400 13892
526500 13894
526600 13895
526700 13896
526800 13899
526900 13899
527000 13902
527100 13902
527200 13903
527300 13904
527400 13906
527500 13907
527600 13909
527700 13909
527800 13910
527900 13911
528000 13913
528100 13913
528200 13915
528300 13917
528400 13917
528500 13919
528600 13920
528700 13922
528800 13924
528900 13925
529000 13926
529100 13927
529200 13931
529300 13931
529400 13932
529500 13932
529600 13934
529700 13937
529800 13938
529900 13940
530000 13944
530100 13944
530200 13944
530300 13945
530400 13946
530500 13950
530600 13952
530700 13952
530800 13952
530900 13952
531000 13953
531100 13953
531200 13953
531300 13954
531400 13955
531500 13955
531600 13956
531700 13958
531800 13964
531900 13967
532000 13967
532100 13969
532200 13970
532300 13971
532400 13972
532500 13977
532600 13980
532700 13981
532800 13984
532900 13984
533000 13986
533100 13987
533200 13992
533300 13995
533400 13999
533500 14003
533600 14005
533700 14007
533800 14007
533900 14011
534000 14013
534100 14016
534200 14016
534300 14017
534400 14018
534500 14020
534600 14020
534700 14020
534800 14021
534900 14022
535000 14023
535100 14024
535200 14024
535300 14025
535400 14025
535500 14025
535600 14027
535700 14027
535800 14028
535900 14031
536000 14033
536100 14033
536200 14034
536300 14035
536400 14038
536500 14040
536600 14040
536700 14044
536800 14045
536900 14047
537000 14047
537100 14049
537200 14049
537300 14049
537400 14051
537500 14051
537600 14052
537700 14052
537800 14053
537900 14053
538000 14056
538100 14056
538200 14058
538300 14059
538400 14061
538500 14063
538600 14063
538700 14066
538800 14071
538900 14074
539000 14077
539100 14077
539200 14078
539300 14079
539400 14080
539500 14082
539600 14082
539700 14083
539800 14083
539900 14083
540000 14084
540100 14087
540200 14087
540300 14088
540400 14089
540500 14091
540600 14091
540700 14095
540800 14098
540900 14099
541000 14100
541100 14101
541200 14105
541300 14106
541400 14108
541500 14109
541600 14110
541700 14110
541800 14110
541900 14110
542000 14110
542100 14111
542200 14112
542300 14113
542400 14115
542500 14117
542600 14118
542700 14119
542800 14122
542900 14122
543000 14122
543100 14123
543200 14124
543300 14126
543400 14127
543500 14130
543600 14132
543700 14132
543800 14132
543900 14133
544000 14133
544100 14133
544200 14133
544300 14133
544400 14135
544500 14136
544600 14137
544700 14137
544800 14139
544900 14140
545000 14141
545100 14141
545200 14141
545300 14143
545400 14146
545500 14148
545600 14151
545700 14154
545800 14156
545900 14158
546000 14158
546100 14160
546200 14164
546300 14168
546400 14169
546500 14170
546600 14170
546700 14170
546800 14171
546900 14172
547000 14173
547100 14174
547200 14177
547300 14178
547400 14178
547500 14178
547600 14179
547700 14186
547800 14186
547900 14187
548000 14189
548100 14192
548200 14192
548300 14193
548400 14195
548500 14195
548600 14196
548700 14197
548800 14198
548900 14198
549000 14198
549100 14200
549200 14202
549300 14202
549400 14203
549500 14203
549600 14204
549700 14206
549800 14208
549900 14208
550000 14209
550100 14210
550200 14211
550300 14212
550400 14213
550500 14215
550600 14218
550700 14219
550800 14220
550900 14221
551000 14221
551100 14223
551200 14223
551300 14225
551400 14226
551500 14227
551600 14227
551700 14229
551800 14231
551900 14231
552000 14231
552100 14231
552200 14234
552300 14236
552400 14236
552500 14237
552600 14238
552700 14238
552800 14239
552900 14239
553000 14241
553100 14241
553200 14245
553300 14245
553400 14247
553500 14248
553600 14248
553700 14248
553800 14248
553900 14249
554000 14252
554100 14253
554200 14256
554300 14256
554400 14257
554500 14261
554600 14261
554700 14261
554800 14262
554900 14262
555000 14262
555100 14264
555200 14264
555300 14266
555400 14266
555500 14270
555600 14271
555700 14274
555800 14274
555900 14274
556000 14275
556100 14278
556200 14280
556300 14283
556400 14286
556500 14287
556600 14287
556700 14287
556800 14287
556900 14287
557000 14288
557100 14288
557200 14289
557300 14290
557400 14290
557500 14293
557600 14293
557700 14294
557800 14297
557900 14300
558000 14301
558100 14301
558200 14302
558300 14304
558400 14304
558500 14305
558600 14305
558700 14307
558800 14307
558900 14307
559000 14308
559100 14309
559200 14311
559300 14312
559400 14315
559500 14315
559600 14316
559700 14317
559800 14318
559900 14319
560000 14322
560100 14326
560200 14328
560300 14329
560400 14332
560500 14332
560600 14332
560700 14332
560800 14332
560900 14332
561000 14334
561100 14337
561200 14339
561300 14342
561400 14348
561500 14350
561600 14351
561700 14354
561800 14357
561900 14357
562000 14360
562100 14362
562200 14362
562300 14363
562400 14364
562500 14365
562600 14366
562700 14367
562800 14369
562900 14369
563000 14370
563100 14371
563200 14374
563300 14374
563400 14374
563500 14375
563600 14376
563700 14383
563800 14384
563900 14385
564000 14386
564100 14388
564200 14391
564300 14395
564400 14397
564500 14398
564600 14402
564700 14404
564800 14406
564900 14407
565000 14411
565100 14413
565200 14419
565300 14420
565400 14425
565500 14427
565600 14432
565700 14432
565800 14432
565900 14433
566000 14433
566100 14433
566200 14433
566300 14434
566400 14437
566500 14438
566600 14442
566700 14442
566800 14443
566900 14445
567000 14445
567100 14448
567200 14449
567300 14449
567400 14449
567500 14449
567600 14449
567700 14450
567800 14450
567900 14452
568000 14455
568100 14458
568200 14459
568300 14460
568400 14460
568500 14460
568600 14460
568700 14461
568800 14461
568900 14462
569000 14464
569100 14464
569200 14465
569300 14466
569400 14466
569500 14467
569600 14469
569700 14470
569800 14475
569900 14479
570000 14484
570100 14488
570200 14491
570300 14495
570400 14495
570500 14496
570600 14498
570700 14501
570800 14508
570900 14510
571000 14510
571100 14514
571200 14517
571300 14517
571400 14518
571500 14520
571600 14523
571700 14524
571800 14524
571900 14525
572000 14525
572100 14528
572200 14529
572300 14531
572400 14534
572500 14536
572600 14539
572700 14541
