100 58
200 107
300 149
400 191
500 228
600 268
700 307
800 340
900 386
1000 418
1100 447
1200 479
1300 504
1400 525
1500 555
1600 572
1700 597
1800 621
1900 643
2000 661
2100 678
2200 697
2300 730
2400 758
2500 788
2600 818
2700 844
2800 868
2900 892
3000 911
3100 936
3200 959
3300 975
3400 997
3500 1021
3600 1043
3700 1071
3800 1094
3900 1124
4000 1147
4100 1162
4200 1178
4300 1203
4400 1220
4500 1238
4600 1254
4700 1273
4800 1291
4900 1319
5000 1335
5100 1353
5200 1372
5300 1401
5400 1429
5500 1461
5600 1481
5700 1506
5800 1526
5900 1542
6000 1572
6100 1599
6200 1618
6300 1645
6400 1666
6500 1689
6600 1713
6700 1738
6800 1764
6900 1781
7000 1805
7100 1815
7200 1829
7300 1845
7400 1862
7500 1880
7600 1902
7700 1920
7800 1942
7900 1957
8000 1976
8100 1997
8200 2021
8300 2035
8400 2047
8500 2079
8600 2098
8700 2115
8800 2140
8900 2157
9000 2179
9100 2195
9200 2215
9300 2234
9400 2244
9500 2258
9600 2287
9700 2308
9800 2329
9900 2355
10000 2379
10100 2401
10200 2411
10300 2427
10400 2444
10500 2458
10600 2474
10700 2487
10800 2507
10900 2518
11000 2534
11100 2550
11200 2571
11300 2591
11400 2609
11500 2627
11600 2640
11700 2663
11800 2681
11900 2695
12000 2709
12100 2724
12200 2745
12300 2769
12400 2789
12500 2814
12600 2840
12700 2852
12800 2869
12900 2892
13000 2919
13100 2934
13200 2948
13300 2965
13400 2973
13500 2984
13600 3003
13700 3029
13800 3043
13900 3064
14000 3086
14100 3109
14200 3121
14300 3139
14400 3155
14500 3174
14600 3198
14700 3213
14800 3232
14900 3242
15000 3254
15100 3272
15200 3287
15300 3308
15400 3324
15500 3344
15600 3356
15700 3363
15800 3377
15900 3392
16000 3406
16100 3420
16200 3432
16300 3446
16400 3462
16500 3471
16600 3488
16700 3513
16800 3538
16900 3557
17000 3569
17100 3580
17200 3593
17300 3607
17400 3616
17500 3634
17600 3647
17700 3664
17800 3678
17900 3686
18000 3715
18100 3730
18200 3749
18300 3768
18400 3789
18500 3802
18600 3817
18700 3828
18800 3845
18900 3860
19000 3870
19100 3881
19200 3906
19300 3919
19400 3927
19500 3940
19600 3949
19700 3959
19800 3966
19900 3976
20000 3991
20100 4004
20200 4023
20300 4036
20400 4052
20500 4064
20600 4080
20700 4087
20800 4104
20900 4120
21000 4133
21100 4144
21200 4157
21300 4180
21400 4190
21500 4209
21600 4219
21700 4234
21800 4251
21900 4260
22000 4278
22100 4292
22200 4316
22300 4338
22400 4354
22500 4371
22600 4399
22700 4416
22800 4429
22900 4448
23000 4471
23100 4484
23200 4496
23300 4511
23400 4522
23500 4535
23600 4541
23700 4548
23800 4563
23900 4573
24000 4589
24100 4614
24200 4634
24300 4650
24400 4659
24500 4676
24600 4690
24700 4699
24800 4714
24900 4733
25000 4746
25100 4760
25200 4772
25300 4783
25400 4792
25500 4811
25600 4824
25700 4834
25800 4847
25900 4865
26000 4882
26100 4903
26200 4916
26300 4932
26400 4946
26500 4963
26600 4975
26700 4987
26800 5003
26900 5018
27000 5028
27100 5035
27200 5045
27300 5060
27400 5068
27500 5075
27600 5084
27700 5096
27800 5105
27900 5111
28000 5121
28100 5135
28200 5149
28300 5156
28400 5173
28500 5194
28600 5207
28700 5222
28800 5240
28900 5260
29000 5275
29100 5297
29200 5313
29300 5327
29400 5337
29500 5353
29600 5361
29700 5371
29800 5378
29900 5388
30000 5400
30100 5414
30200 5425
30300 5438
30400 5453
30500 5464
30600 5479
30700 5489
30800 5509
30900 5526
31000 5538
31100 5566
31200 5578
31300 5594
31400 5607
31500 5620
31600 5636
31700 5650
31800 5657
31900 5677
32000 5692
32100 5703
32200 5717
32300 5730
32400 5739
32500 5744
32600 5757
32700 5766
32800 5775
32900 5789
33000 5801
33100 5808
33200 5815
33300 5824
33400 5830
33500 5846
33600 5856
33700 5867
33800 5883
33900 5904
34000 5919
34100 5935
34200 5955
34300 5959
34400 5969
34500 5976
34600 5986
34700 5993
34800 6003
34900 6018
35000 6038
35100 6055
35200 6071
35300 6085
35400 6105
35500 6121
35600 6143
35700 6162
35800 6178
35900 6188
36000 6206
36100 6216
36200 6232
36300 6245
36400 6259
36500 6269
36600 6284
36700 6304
36800 6312
36900 6324
37000 6340
37100 6351
37200 6372
37300 6393
37400 6410
37500 6426
37600 6439
37700 6449
37800 6481
37900 6498
38000 6514
38100 6528
38200 6549
38300 6570
38400 6574
38500 6587
38600 6601
38700 6612
38800 6616
38900 6624
39000 6637
39100 6654
39200 6669
39300 6681
39400 6701
39500 6713
39600 6719
39700 6723
39800 6733
39900 6749
40000 6769
40100 6780
40200 6795
40300 6809
40400 6817
40500 6835
40600 6847
40700 6863
40800 6874
40900 6889
41000 6900
41100 6915
41200 6933
41300 6943
41400 6961
41500 6973
41600 6983
41700 6996
41800 7007
41900 7023
42000 7040
42100 7054
42200 7065
42300 7080
42400 7098
42500 7105
42600 7121
42700 7131
42800 7142
42900 7160
43000 7173
43100 7188
43200 7200
43300 7209
43400 7220
43500 7226
43600 7239
43700 7246
43800 7259
43900 7270
44000 7287
44100 7295
44200 7307
44300 7317
44400 7327
44500 7339
44600 7352
44700 7360
44800 7384
44900 7397
45000 7408
45100 7423
45200 7431
45300 7439
45400 7443
45500 7451
45600 7466
45700 7481
45800 7491
45900 7505
46000 7515
46100 7526
46200 7538
46300 7549
46400 7562
46500 7581
46600 7597
46700 7614
46800 7621
46900 7634
47000 7642
47100 7647
47200 7655
47300 7668
47400 7674
47500 7682
47600 7690
47700 7704
47800 7714
47900 7718
48000 7728
48100 7738
48200 7747
48300 7765
48400 7788
48500 7812
48600 7833
48700 7850
48800 7860
48900 7866
49000 7882
49100 7898
49200 7912
49300 7924
49400 7930
49500 7944
49600 7954
49700 7969
49800 7976
49900 7982
50000 7992
50100 8004
50200 8014
50300 8018
50400 8027
50500 8034
50600 8044
50700 8056
50800 8063
50900 8076
51000 8086
51100 8100
51200 8111
51300 8118
51400 8129
51500 8134
51600 8141
51700 8153
51800 8162
51900 8175
52000 8195
52100 8202
52200 8206
52300 8213
52400 8221
52500 8232
52600 8240
52700 8250
52800 8256
52900 8262
53000 8275
53100 8286
53200 8296
53300 8307
53400 8314
53500 8325
53600 8338
53700 8350
53800 8358
53900 8362
54000 8372
54100 8379
54200 8394
54300 8410
54400 8426
54500 8441
54600 8454
54700 8465
54800 8474
54900 8486
55000 8492
55100 8505
55200 8514
55300 8526
55400 8544
55500 8553
55600 8562
55700 8574
55800 8585
55900 8597
56000 8601
56100 8604
56200 8608
56300 8614
56400 8624
56500 8629
56600 8639
56700 8648
56800 8652
56900 8663
57000 8670
57100 8682
57200 8688
57300 8701
57400 8712
57500 8721
57600 8732
57700 8742
57800 8751
57900 8756
58000 8771
58100 8781
58200 8791
58300 8802
58400 8806
58500 8810
58600 8825
58700 8833
58800 8842
58900 8851
59000 8864
59100 8875
59200 8890
59300 8904
59400 8917
59500 8932
59600 8940
59700 8945
59800 8951
59900 8956
60000 8962
60100 8972
60200 8981
60300 8997
60400 9004
60500 9007
60600 9023
60700 9038
60800 9048
60900 9063
61000 9078
61100 9085
61200 9090
61300 9096
61400 9105
61500 9115
61600 9127
61700 9133
61800 9148
61900 9154
62000 9161
62100 9167
62200 9180
62300 9190
62400 9204
62500 9215
62600 9229
62700 9239
62800 9254
62900 9268
63000 9282
63100 9297
63200 9305
63300 9312
63400 9329
63500 9339
63600 9351
63700 9363
63800 9369
63900 9377
64000 9391
64100 9399
64200 9404
64300 9409
64400 9422
64500 9431
64600 9448
64700 9456
64800 9468
64900 9474
65000 9482
65100 9493
65200 9504
65300 9515
65400 9519
65500 9531
65600 9539
65700 9547
65800 9559
65900 9571
66000 9577
66100 9590
66200 9595
66300 9603
66400 9614
66500 9627
66600 9639
66700 9653
66800 9666
66900 9676
67000 9688
67100 9692
67200 9699
67300 9710
67400 9722
67500 9734
67600 9752
67700 9763
67800 9772
67900 9786
68000 9791
68100 9799
68200 9815
68300 9826
68400 9833
68500 9847
68600 9862
68700 9872
68800 9881
68900 9892
69000 9895
69100 9901
69200 9909
69300 9917
69400 9930
69500 9942
69600 9949
69700 9962
69800 9972
69900 9987
70000 9994
70100 10011
70200 10021
70300 10031
70400 10041
70500 10053
70600 10060
70700 10068
70800 10074
70900 10084
71000 10098
71100 10114
71200 10129
71300 10138
71400 10146
71500 10157
71600 10167
71700 10180
71800 10189
71900 10201
72000 10209
72100 10213
72200 10220
72300 10232
72400 10240
72500 10250
72600 10257
72700 10267
72800 10277
72900 10285
73000 10290
73100 10300
73200 10314
73300 10324
73400 10335
73500 10346
73600 10356
73700 10363
73800 10373
73900 10380
74000 10382
74100 10390
74200 10398
74300 10406
74400 10412
74500 10419
74600 10423
74700 10430
74800 10443
74900 10452
75000 10461
75100 10470
75200 10482
75300 10490
75400 10501
75500 10509
75600 10520
75700 10525
75800 10532
75900 10537
76000 10547
76100 10555
76200 10561
76300 10570
76400 10581
76500 10595
76600 10601
76700 10609
76800 10618
76900 10631
77000 10636
77100 10642
77200 10651
77300 10660
77400 10666
77500 10674
77600 10682
77700 10690
77800 10698
77900 10706
78000 10709
78100 10717
78200 10733
78300 10739
78400 10748
78500 10757
78600 10761
78700 10773
78800 10778
78900 10787
79000 10795
79100 10805
79200 10816
79300 10831
79400 10841
79500 10852
79600 10861
79700 10868
79800 10875
79900 10883
80000 10899
80100 10909
80200 10921
80300 10940
80400 10951
80500 10953
80600 10963
80700 10968
80800 10981
80900 10993
81000 11007
81100 11013
81200 11019
81300 11022
81400 11031
81500 11044
81600 11051
81700 11070
81800 11084
81900 11098
82000 11112
82100 11129
82200 11135
82300 11144
82400 11150
82500 11163
82600 11176
82700 11180
82800 11189
82900 11198
83000 11214
83100 11230
83200 11242
83300 11251
83400 11269
83500 11283
83600 11292
83700 11306
83800 11315
83900 11319
84000 11327
84100 11338
84200 11340
84300 11346
84400 11352
84500 11357
84600 11361
84700 11365
84800 11371
84900 11382
85000 11396
85100 11407
85200 11425
85300 11442
85400 11452
85500 11452
85600 11458
85700 11470
85800 11482
85900 11495
86000 11497
86100 11507
86200 11513
86300 11523
86400 11532
86500 11536
86600 11544
86700 11552
86800 11556
86900 11561
87000 11569
87100 11572
87200 11581
87300 11587
87400 11592
87500 11602
87600 11610
87700 11623
87800 11627
87900 11638
88000 11646
88100 11654
88200 11667
88300 11685
88400 11691
88500 11695
88600 11705
88700 11716
88800 11730
88900 11737
89000 11741
89100 11753
89200 11759
89300 11771
89400 11777
89500 11779
89600 11790
89700 11805
89800 11812
89900 11821
90000 11830
90100 11835
90200 11840
90300 11852
90400 11867
90500 11875
90600 11884
90700 11893
90800 11906
90900 11913
91000 11922
91100 11928
91200 11939
91300 11945
91400 11953
91500 11965
91600 11971
91700 11976
91800 11979
91900 11989
92000 11989
92100 11992
92200 11998
92300 12002
92400 12006
92500 12013
92600 12020
92700 12026
92800 12037
92900 12050
93000 12064
93100 12076
93200 12081
93300 12087
93400 12097
93500 12111
93600 12120
93700 12127
93800 12129
93900 12139
94000 12142
94100 12149
94200 12155
94300 12161
94400 12165
94500 12168
94600 12174
94700 12181
94800 12188
94900 12200
95000 12211
95100 12223
95200 12226
95300 12237
95400 12246
95500 12253
95600 12255
95700 12267
95800 12276
95900 12285
96000 12293
96100 12296
96200 12302
96300 12307
96400 12316
96500 12320
96600 12328
96700 12336
96800 12341
96900 12350
97000 12360
97100 12368
97200 12377
97300 12388
97400 12410
97500 12420
97600 12435
97700 12452
97800 12464
97900 12474
98000 12483
98100 12502
98200 12511
98300 12519
98400 12524
98500 12533
98600 12542
98700 12554
98800 12562
98900 12574
99000 12580
99100 12590
99200 12602
99300 12612
99400 12623
99500 12628
99600 12633
99700 12639
99800 12646
99900 12658
100000 12667
100100 12675
100200 12689
100300 12696
100400 12708
100500 12713
100600 12724
100700 12736
100800 12742
100900 12753
101000 12766
101100 12772
101200 12778
101300 12781
101400 12788
101500 12790
101600 12794
101700 12796
101800 12803
101900 12805
102000 12818
102100 12832
102200 12841
102300 12853
102400 12859
102500 12869
102600 12883
102700 12892
102800 12905
102900 12926
103000 12936
103100 12952
103200 12963
103300 12972
103400 12982
103500 12985
103600 12991
103700 13001
103800 13011
103900 13016
104000 13029
104100 13038
104200 13042
104300 13048
104400 13057
104500 13068
104600 13078
104700 13084
104800 13089
104900 13098
105000 13106
105100 13110
105200 13116
105300 13121
105400 13131
105500 13137
105600 13142
105700 13148
105800 13152
105900 13161
106000 13162
106100 13164
106200 13171
106300 13178
106400 13189
106500 13204
106600 13211
106700 13220
106800 13230
106900 13234
107000 13244
107100 13247
107200 13252
107300 13260
107400 13271
107500 13279
107600 13286
107700 13296
107800 13310
107900 13321
108000 13328
108100 13343
108200 13350
108300 13361
108400 13377
108500 13388
108600 13397
108700 13398
108800 13407
108900 13416
109000 13428
109100 13441
109200 13449
109300 13454
109400 13464
109500 13474
109600 13481
109700 13494
109800 13507
109900 13520
110000 13531
110100 13543
110200 13548
110300 13556
110400 13562
110500 13571
110600 13576
110700 13580
110800 13591
110900 13595
111000 13600
111100 13615
111200 13629
111300 13639
111400 13648
111500 13653
111600 13663
111700 13668
111800 13671
111900 13679
112000 13684
112100 13685
112200 13695
112300 13705
112400 13713
112500 13718
112600 13728
112700 13731
112800 13735
112900 13743
113000 13752
113100 13763
113200 13781
113300 13797
113400 13805
113500 13815
113600 13821
113700 13829
113800 13841
113900 13861
114000 13871
114100 13878
114200 13882
114300 13892
114400 13899
114500 13908
114600 13923
114700 13931
114800 13941
114900 13948
115000 13958
115100 13968
115200 13981
115300 13988
115400 13994
115500 14003
115600 14008
115700 14016
115800 14022
115900 14029
116000 14037
116100 14046
116200 14049
116300 14056
116400 14067
116500 14074
116600 14084
116700 14098
116800 14104
116900 14111
117000 14117
117100 14121
117200 14130
117300 14144
117400 14150
117500 14154
117600 14166
117700 14176
117800 14180
117900 14185
118000 14191
118100 14193
118200 14197
118300 14200
118400 14207
118500 14211
118600 14224
118700 14234
118800 14242
118900 14247
119000 14253
119100 14264
119200 14269
119300 14280
119400 14286
119500 14295
119600 14307
119700 14320
119800 14325
119900 14332
120000 14344
120100 14350
120200 14354
120300 14362
120400 14370
120500 14378
120600 14384
120700 14390
120800 14399
120900 14404
121000 14407
121100 14415
121200 14430
121300 14441
121400 14451
121500 14464
121600 14473
121700 14488
121800 14496
121900 14509
122000 14516
122100 14525
122200 14535
122300 14538
122400 14543
122500 14554
122600 14559
122700 14562
122800 14568
122900 14578
123000 14588
123100 14594
123200 14600
123300 14606
123400 14612
123500 14622
123600 14635
123700 14642
123800 14650
123900 14661
124000 14670
124100 14678
124200 14682
124300 14684
124400 14686
124500 14693
124600 14703
124700 14717
124800 14730
124900 14739
125000 14748
125100 14757
125200 14764
125300 14768
125400 14782
125500 14793
125600 14800
125700 14810
125800 14816
125900 14821
126000 14824
126100 14842
126200 14852
126300 14864
126400 14875
126500 14884
126600 14893
126700 14900
126800 14911
126900 14923
127000 14930
127100 14941
127200 14950
127300 14956
127400 14966
127500 14975
127600 14987
127700 14994
127800 15003
127900 15008
128000 15020
128100 15023
128200 15035
128300 15040
128400 15045
128500 15050
128600 15054
128700 15059
128800 15063
128900 15078
129000 15099
129100 15111
129200 15122
129300 15139
129400 15141
129500 15150
129600 15157
129700 15163
129800 15175
129900 15186
130000 15194
130100 15201
130200 15207
130300 15211
130400 15216
130500 15221
130600 15229
130700 15232
130800 15239
130900 15252
131000 15257
131100 15264
131200 15268
131300 15272
131400 15281
131500 15287
131600 15297
131700 15303
131800 15310
131900 15316
132000 15325
132100 15337
132200 15346
132300 15348
132400 15350
132500 15360
132600 15364
132700 15373
132800 15382
132900 15393
133000 15399
133100 15413
133200 15420
133300 15426
133400 15437
133500 15445
133600 15453
133700 15463
133800 15468
133900 15476
134000 15489
134100 15499
134200 15510
134300 15513
134400 15519
134500 15528
134600 15535
134700 15539
134800 15546
134900 15552
135000 15560
135100 15567
135200 15573
135300 15577
135400 15588
135500 15593
135600 15604
135700 15611
135800 15623
135900 15630
136000 15634
136100 15646
136200 15659
136300 15669
136400 15685
136500 15692
136600 15703
136700 15715
136800 15722
136900 15735
137000 15741
137100 15745
137200 15750
137300 15760
137400 15761
137500 15773
137600 15789
137700 15796
137800 15805
137900 15810
138000 15818
138100 15832
138200 15836
138300 15842
138400 15847
138500 15855
138600 15862
138700 15872
138800 15879
138900 15887
139000 15895
139100 15904
139200 15908
139300 15911
139400 15921
139500 15928
139600 15934
139700 15941
139800 15945
139900 15953
140000 15959
140100 15965
140200 15971
140300 15989
140400 15992
140500 16000
140600 16010
140700 16016
140800 16021
140900 16025
141000 16029
141100 16033
141200 16036
141300 16046
141400 16049
141500 16052
141600 16058
141700 16068
141800 16076
141900 16082
142000 16090
142100 16095
142200 16105
142300 16113
142400 16118
142500 16125
142600 16134
142700 16142
142800 16152
142900 16160
143000 16168
143100 16172
143200 16179
143300 16185
143400 16197
143500 16207
143600 16213
143700 16222
143800 16227
143900 16234
144000 16245
144100 16253
144200 16262
144300 16273
144400 16278
144500 16286
144600 16292
144700 16298
144800 16305
144900 16309
145000 16321
145100 16326
145200 16336
145300 16339
145400 16345
145500 16355
145600 16360
145700 16362
145800 16367
145900 16376
146000 16386
146100 16395
146200 16410
146300 16422
146400 16434
146500 16444
146600 16457
146700 16463
146800 16471
146900 16477
147000 16479
147100 16489
147200 16497
147300 16505
147400 16510
147500 16516
147600 16517
147700 16521
147800 16527
147900 16536
148000 16540
148100 16550
148200 16565
148300 16580
148400 16587
148500 16593
148600 16600
148700 16611
148800 16616
148900 16626
149000 16629
149100 16637
149200 16645
149300 16656
149400 16663
149500 16671
149600 16682
149700 16692
149800 16697
149900 16701
150000 16706
150100 16712
150200 16715
150300 16724
150400 16731
150500 16739
150600 16743
150700 16753
150800 16760
150900 16767
151000 16774
151100 16784
151200 16788
151300 16791
151400 16797
151500 16808
151600 16813
151700 16818
151800 16829
151900 16844
152000 16853
152100 16865
152200 16871
152300 16883
152400 16893
152500 16898
152600 16901
152700 16905
152800 16911
152900 16919
153000 16927
153100 16934
153200 16954
153300 16969
153400 16983
153500 16992
153600 16997
153700 17002
153800 17013
153900 17018
154000 17022
154100 17035
154200 17044
154300 17052
154400 17064
154500 17070
154600 17078
154700 17082
154800 17086
154900 17095
155000 17102
155100 17111
155200 17114
155300 17119
155400 17131
155500 17140
155600 17148
155700 17160
155800 17166
155900 17173
156000 17183
156100 17188
156200 17191
156300 17197
156400 17211
156500 17218
156600 17226
156700 17233
156800 17244
156900 17250
157000 17263
157100 17271
157200 17283
157300 17287
157400 17294
157500 17304
157600 17308
157700 17315
157800 17322
157900 17326
158000 17337
158100 17347
158200 17355
158300 17360
158400 17372
158500 17382
158600 17387
158700 17392
158800 17407
158900 17416
159000 17420
159100 17425
159200 17435
159300 17442
159400 17452
159500 17458
159600 17473
159700 17485
159800 17496
159900 17509
160000 17522
160100 17533
160200 17544
160300 17552
160400 17561
160500 17569
160600 17578
160700 17595
160800 17602
160900 17612
161000 17615
161100 17620
161200 17625
161300 17631
161400 17637
161500 17642
161600 17649
161700 17655
161800 17658
161900 17661
162000 17671
162100 17682
162200 17689
162300 17695
162400 17706
162500 17715
162600 17721
162700 17733
162800 17740
162900 17743
163000 17748
163100 17754
163200 17762
163300 17772
163400 17779
163500 17785
163600 17787
163700 17792
163800 17798
163900 17807
164000 17814
164100 17824
164200 17834
164300 17845
164400 17853
164500 17866
164600 17877
164700 17892
164800 17903
164900 17907
165000 17914
165100 17923
165200 17932
165300 17938
165400 17944
165500 17945
165600 17952
165700 17957
165800 17969
165900 17971
166000 17978
166100 17982
166200 17987
166300 17993
166400 18002
166500 18008
166600 18011
166700 18022
166800 18032
166900 18041
167000 18044
167100 18057
167200 18065
167300 18068
167400 18077
167500 18084
167600 18088
167700 18099
167800 18105
167900 18112
168000 18117
168100 18120
168200 18127
168300 18132
168400 18145
168500 18150
168600 18157
168700 18166
168800 18174
168900 18180
169000 18195
169100 18201
169200 18206
169300 18211
169400 18216
169500 18224
169600 18234
169700 18242
169800 18247
169900 18251
170000 18259
170100 18269
170200 18275
170300 18279
170400 18287
170500 18292
170600 18293
170700 18297
170800 18300
170900 18310
171000 18317
171100 18328
171200 18337
171300 18342
171400 18347
171500 18350
171600 18358
171700 18367
171800 18371
171900 18383
172000 18402
172100 18412
172200 18418
172300 18426
172400 18437
172500 18444
172600 18455
172700 18464
172800 18472
172900 18478
173000 18483
173100 18494
173200 18506
173300 18510
173400 18514
173500 18527
173600 18533
173700 18542
173800 18546
173900 18550
174000 18554
174100 18558
174200 18568
174300 18577
174400 18590
174500 18601
174600 18609
174700 18614
174800 18619
174900 18627
175000 18630
175100 18638
175200 18646
175300 18656
175400 18659
175500 18666
175600 18674
175700 18680
175800 18688
175900 18700
176000 18707
176100 18713
176200 18720
176300 18724
176400 18724
176500 18732
176600 18739
176700 18743
176800 18757
176900 18764
177000 18765
177100 18772
177200 18776
177300 18789
177400 18791
177500 18796
177600 18797
177700 18800
177800 18810
177900 18817
178000 18822
178100 18828
178200 18839
178300 18843
178400 18848
178500 18853
178600 18861
178700 18865
178800 18874
178900 18885
179000 18892
179100 18896
179200 18905
179300 18909
179400 18916
179500 18925
179600 18933
179700 18937
179800 18945
179900 18954
180000 18958
180100 18964
180200 18968
180300 18975
180400 18985
180500 18989
180600 18992
180700 19001
180800 19006
180900 19008
181000 19012
181100 19015
181200 19020
181300 19023
181400 19026
181500 19030
181600 19033
181700 19039
181800 19040
181900 19043
182000 19045
182100 19054
182200 19064
182300 19074
182400 19082
182500 19086
182600 19090
182700 19094
182800 19099
182900 19108
183000 19116
183100 19127
183200 19144
183300 19150
183400 19158
183500 19165
183600 19175
183700 19180
183800 19184
183900 19192
184000 19197
184100 19206
184200 19215
184300 19226
184400 19230
184500 19231
184600 19242
184700 19245
184800 19257
184900 19265
185000 19275
185100 19282
185200 19291
185300 19299
185400 19303
185500 19311
185600 19317
185700 19326
185800 19335
185900 19341
186000 19344
186100 19354
186200 19360
186300 19364
186400 19373
186500 19377
186600 19383
186700 19386
186800 19390
186900 19394
187000 19401
187100 19406
187200 19412
187300 19427
187400 19433
187500 19438
187600 19441
187700 19450
187800 19454
187900 19461
188000 19462
188100 19467
188200 19474
188300 19477
188400 19482
188500 19485
188600 19491
188700 19499
188800 19502
188900 19517
189000 19526
189100 19536
189200 19545
189300 19550
189400 19555
189500 19557
189600 19561
189700 19574
189800 19585
189900 19591
190000 19607
190100 19612
190200 19622
190300 19634
190400 19645
190500 19654
190600 19667
190700 19677
190800 19687
190900 19695
191000 19705
191100 19715
191200 19726
191300 19732
191400 19741
191500 19751
191600 19760
191700 19769
191800 19780
191900 19789
192000 19794
192100 19801
192200 19813
192300 19823
192400 19827
192500 19834
192600 19837
192700 19841
192800 19846
192900 19852
193000 19857
193100 19860
193200 19863
193300 19868
193400 19874
193500 19880
193600 19888
193700 19896
193800 19905
193900 19913
194000 19924
194100 19932
194200 19944
194300 19952
194400 19961
194500 19961
194600 19966
194700 19974
194800 19980
194900 19984
195000 19991
195100 20001
195200 20009
195300 20013
195400 20017
195500 20029
195600 20031
195700 20038
195800 20046
195900 20051
196000 20054
196100 20067
196200 20074
196300 20084
196400 20093
196500 20102
196600 20105
196700 20109
196800 20118
196900 20125
197000 20129
197100 20142
197200 20151
197300 20159
197400 20162
197500 20173
197600 20185
197700 20193
197800 20195
197900 20201
198000 20208
198100 20214
198200 20216
198300 20221
198400 20224
198500 20229
198600 20234
198700 20240
198800 20244
198900 20253
199000 20263
199100 20275
199200 20284
199300 20291
199400 20292
199500 20295
199600 20299
199700 20306
199800 20312
199900 20325
200000 20334
200100 20343
200200 20351
200300 20360
200400 20369
200500 20378
200600 20397
200700 20406
200800 20418
200900 20428
201000 20434
201100 20440
201200 20448
201300 20455
201400 20461
201500 20468
201600 20471
201700 20478
201800 20483
201900 20489
202000 20494
202100 20506
202200 20517
202300 20530
202400 20539
202500 20544
202600 20548
202700 20551
202800 20559
202900 20563
203000 20569
203100 20574
203200 20575
203300 20587
203400 20593
203500 20600
203600 20604
203700 20610
203800 20621
203900 20630
204000 20635
204100 20646
204200 20656
204300 20662
204400 20665
204500 20669
204600 20675
204700 20683
204800 20688
204900 20694
205000 20701
205100 20702
205200 20708
205300 20716
205400 20725
205500 20735
205600 20738
205700 20741
205800 20748
205900 20751
206000 20759
206100 20765
206200 20769
206300 20778
206400 20787
206500 20796
206600 20798
206700 20806
206800 20816
206900 20823
207000 20830
207100 20837
207200 20846
207300 20852
207400 20859
207500 20873
207600 20878
207700 20884
207800 20886
207900 20893
208000 20896
208100 20903
208200 20911
208300 20915
208400 20920
208500 20929
208600 20938
208700 20946
208800 20955
208900 20960
209000 20968
209100 20975
209200 20978
209300 20980
209400 20985
209500 20992
209600 20995
209700 21000
209800 21004
209900 21010
210000 21014
210100 21022
210200 21024
210300 21030
210400 21035
210500 21040
210600 21045
210700 21052
210800 21058
210900 21064
211000 21070
211100 21080
211200 21082
211300 21091
211400 21100
211500 21104
211600 21111
211700 21119
211800 21124
211900 21131
212000 21132
212100 21135
212200 21142
212300 21150
212400 21157
212500 21163
212600 21172
212700 21177
212800 21186
212900 21195
213000 21205
213100 21212
213200 21220
213300 21227
213400 21233
213500 21244
213600 21250
213700 21255
213800 21262
213900 21270
214000 21276
214100 21282
214200 21287
214300 21293
214400 21298
214500 21301
214600 21308
214700 21319
214800 21330
214900 21344
215000 21346
215100 21349
215200 21358
215300 21363
215400 21371
215500 21377
215600 21386
215700 21396
215800 21406
215900 21408
216000 21413
216100 21422
216200 21433
216300 21440
216400 21446
216500 21456
216600 21457
216700 21459
216800 21466
216900 21467
217000 21470
217100 21477
217200 21479
217300 21482
217400 21487
217500 21492
217600 21500
217700 21508
217800 21513
217900 21519
218000 21527
218100 21537
218200 21544
218300 21547
218400 21552
218500 21559
218600 21564
218700 21569
218800 21579
218900 21586
219000 21596
219100 21606
219200 21612
219300 21621
219400 21625
219500 21628
219600 21639
219700 21650
219800 21658
219900 21669
220000 21671
220100 21675
220200 21676
220300 21683
220400 21693
220500 21701
220600 21706
220700 21709
220800 21714
220900 21717
221000 21725
221100 21733
221200 21738
221300 21744
221400 21755
221500 21760
221600 21765
221700 21769
221800 21773
221900 21777
222000 21782
222100 21784
222200 21790
222300 21794
222400 21796
222500 21801
222600 21804
222700 21812
222800 21818
222900 21825
223000 21836
223100 21843
223200 21854
223300 21860
223400 21870
223500 21879
223600 21880
223700 21884
223800 21885
223900 21890
224000 21899
224100 21907
224200 21918
224300 21920
224400 21927
224500 21933
224600 21938
224700 21939
224800 21943
224900 21947
225000 21951
225100 21952
225200 21956
225300 21961
225400 21970
225500 21983
225600 21993
225700 21996
225800 21998
225900 22007
226000 22011
226100 22016
226200 22021
226300 22027
226400 22038
226500 22040
226600 22046
226700 22054
226800 22063
226900 22064
227000 22067
227100 22072
227200 22079
227300 22085
227400 22090
227500 22092
227600 22094
227700 22101
227800 22104
227900 22111
228000 22116
228100 22124
228200 22133
228300 22137
228400 22142
228500 22146
228600 22156
228700 22162
228800 22166
228900 22174
229000 22181
229100 22189
229200 22193
229300 22197
229400 22199
229500 22206
229600 22212
229700 22220
229800 22225
229900 22234
230000 22241
230100 22246
230200 22250
230300 22257
230400 22262
230500 22267
230600 22272
230700 22278
230800 22282
230900 22285
231000 22288
231100 22290
231200 22298
231300 22307
231400 22309
231500 22317
231600 22320
231700 22323
231800 22329
231900 22332
232000 22340
232100 22344
232200 22349
232300 22350
232400 22352
232500 22354
232600 22357
232700 22360
232800 22368
232900 22375
233000 22380
233100 22390
233200 22395
233300 22400
233400 22400
233500 22402
233600 22417
233700 22429
233800 22435
233900 22442
234000 22454
234100 22460
234200 22469
234300 22475
234400 22479
234500 22484
234600 22489
234700 22492
234800 22498
234900 22504
235000 22510
235100 22517
235200 22520
235300 22527
235400 22529
235500 22533
235600 22536
235700 22543
235800 22548
235900 22552
236000 22552
236100 22554
236200 22561
236300 22565
236400 22576
236500 22582
236600 22588
236700 22593
236800 22596
236900 22601
237000 22604
237100 22606
237200 22611
237300 22620
237400 22623
237500 22633
237600 22643
237700 22650
237800 22654
237900 22657
238000 22668
238100 22679
238200 22686
238300 22696
238400 22700
238500 22711
238600 22719
238700 22726
238800 22732
238900 22739
239000 22746
239100 22752
239200 22756
239300 22757
239400 22759
239500 22770
239600 22777
239700 22779
239800 22782
239900 22783
240000 22793
240100 22798
240200 22809
240300 22817
240400 22819
240500 22826
240600 22837
240700 22841
240800 22847
240900 22851
241000 22857
241100 22866
241200 22877
241300 22881
241400 22888
241500 22893
241600 22901
241700 22905
241800 22910
241900 22917
242000 22923
242100 22934
242200 22935
242300 22937
242400 22946
242500 22952
242600 22956
242700 22958
242800 22962
242900 22970
243000 22977
243100 22984
243200 22993
243300 22998
243400 23006
243500 23015
243600 23021
243700 23026
243800 23031
243900 23040
244000 23044
244100 23051
244200 23058
244300 23063
244400 23069
244500 23082
244600 23084
244700 23088
244800 23092
244900 23099
245000 23103
245100 23104
245200 23114
245300 23128
245400 23136
245500 23145
245600 23151
245700 23154
245800 23162
245900 23164
246000 23165
246100 23176
246200 23185
246300 23192
246400 23196
246500 23206
246600 23214
246700 23219
246800 23228
246900 23237
247000 23256
247100 23266
247200 23270
247300 23276
247400 23285
247500 23293
247600 23303
247700 23317
247800 23327
247900 23333
248000 23340
248100 23346
248200 23351
248300 23352
248400 23356
248500 23363
248600 23371
248700 23377
248800 23382
248900 23394
249000 23400
249100 23403
249200 23408
249300 23414
249400 23421
249500 23428
249600 23437
249700 23449
249800 23460
249900 23470
250000 23475
250100 23478
250200 23482
250300 23487
250400 23494
250500 23501
250600 23507
250700 23512
250800 23517
250900 23526
251000 23530
251100 23538
251200 23546
251300 23549
251400 23549
251500 23554
251600 23558
251700 23561
251800 23568
251900 23578
252000 23583
252100 23592
252200 23598
252300 23608
252400 23613
252500 23616
252600 23620
252700 23624
252800 23629
252900 23635
253000 23638
253100 23639
253200 23641
253300 23646
253400 23657
253500 23663
253600 23670
253700 23675
253800 23680
253900 23683
254000 23690
254100 23696
254200 23701
254300 23703
254400 23708
254500 23717
254600 23723
254700 23728
254800 23732
254900 23739
255000 23751
255100 23759
255200 23760
255300 23763
255400 23766
255500 23772
255600 23780
255700 23789
255800 23794
255900 23800
256000 23808
256100 23812
256200 23817
256300 23820
256400 23823
256500 23825
256600 23826
256700 23839
256800 23846
256900 23850
257000 23857
257100 23869
257200 23880
257300 23885
257400 23891
257500 23898
257600 23909
257700 23914
257800 23921
257900 23925
258000 23929
258100 23934
258200 23942
258300 23945
258400 23954
258500 23959
258600 23964
258700 23970
258800 23975
258900 23980
259000 23986
259100 23995
259200 24001
259300 24006
259400 24011
259500 24014
259600 24019
259700 24031
259800 24043
259900 24050
260000 24053
260100 24063
260200 24066
260300 24071
260400 24077
260500 24082
260600 24088
260700 24093
260800 24096
260900 24102
261000 24104
261100 24113
261200 24120
261300 24124
261400 24132
261500 24138
261600 24145
261700 24153
261800 24156
261900 24160
262000 24168
262100 24171
262200 24173
262300 24183
262400 24186
262500 24193
262600 24198
262700 24200
262800 24207
262900 24212
263000 24218
263100 24226
263200 24232
263300 24236
263400 24236
263500 24245
263600 24252
263700 24268
263800 24277
263900 24281
264000 24286
264100 24294
264200 24302
264300 24312
264400 24321
264500 24325
264600 24328
264700 24337
264800 24346
264900 24351
265000 24356
265100 24358
265200 24367
265300 24378
265400 24386
265500 24394
265600 24402
265700 24407
265800 24409
265900 24411
266000 24414
266100 24416
266200 24425
266300 24431
266400 24439
266500 24445
266600 24451
266700 24458
266800 24464
266900 24469
267000 24471
267100 24477
267200 24482
267300 24492
267400 24501
267500 24508
267600 24512
267700 24530
267800 24534
267900 24538
268000 24542
268100 24552
268200 24554
268300 24558
268400 24561
268500 24568
268600 24572
268700 24575
268800 24579
268900 24581
269000 24586
269100 24593
269200 24599
269300 24610
269400 24617
269500 24626
269600 24635
269700 24637
269800 24640
269900 24646
270000 24651
270100 24655
270200 24661
270300 24666
270400 24672
270500 24675
270600 24680
270700 24688
270800 24693
270900 24699
271000 24708
271100 24716
271200 24723
271300 24729
271400 24734
271500 24738
271600 24743
271700 24751
271800 24756
271900 24763
272000 24770
272100 24777
272200 24784
272300 24786
272400 24787
272500 24791
272600 24795
272700 24800
272800 24803
272900 24809
273000 24812
273100 24820
273200 24827
273300 24830
273400 24835
273500 24842
273600 24849
273700 24856
273800 24860
273900 24867
274000 24878
274100 24884
274200 24888
274300 24895
274400 24899
274500 24908
274600 24913
274700 24919
274800 24930
274900 24938
275000 24943
275100 24947
275200 24950
275300 24954
275400 24966
275500 24976
275600 24981
275700 24985
275800 24992
275900 24996
276000 24999
276100 25008
276200 25015
276300 25018
276400 25022
276500 25025
276600 25027
276700 25034
276800 25041
276900 25046
277000 25046
277100 25049
277200 25050
277300 25056
277400 25059
277500 25064
277600 25065
277700 25071
277800 25080
277900 25086
278000 25099
278100 25107
278200 25116
278300 25121
278400 25132
278500 25135
278600 25139
278700 25142
278800 25151
278900 25157
279000 25166
279100 25174
279200 25178
279300 25182
279400 25188
279500 25194
279600 25204
279700 25215
279800 25215
279900 25218
280000 25220
280100 25226
280200 25231
280300 25238
280400 25242
280500 25252
280600 25259
280700 25262
280800 25265
280900 25273
281000 25279
281100 25286
281200 25291
281300 25297
281400 25299
281500 25303
281600 25303
281700 25312
281800 25318
281900 25324
282000 25332
282100 25334
282200 25339
282300 25343
282400 25349
282500 25359
282600 25365
282700 25369
282800 25373
282900 25382
283000 25386
283100 25388
283200 25389
283300 25395
283400 25401
283500 25404
283600 25407
283700 25409
283800 25413
283900 25418
284000 25424
284100 25431
284200 25435
284300 25435
284400 25436
284500 25438
284600 25439
284700 25442
284800 25443
284900 25448
285000 25459
285100 25464
285200 25474
285300 25480
285400 25487
285500 25493
285600 25504
285700 25512
