100 53
200 85
300 106
400 126
500 144
600 156
700 182
800 215
900 234
1000 254
1100 278
1200 304
1300 321
1400 347
1500 364
1600 384
1700 404
1800 421
1900 440
2000 457
2100 482
2200 498
2300 513
2400 526
2500 538
2600 553
2700 571
2800 585
2900 600
3000 622
3100 632
3200 644
3300 659
3400 667
3500 677
3600 690
3700 701
3800 718
3900 731
4000 740
4100 751
4200 762
4300 776
4400 785
4500 795
4600 816
4700 829
4800 839
4900 849
5000 868
5100 878
5200 887
5300 897
5400 912
5500 933
5600 945
5700 962
5800 975
5900 991
6000 997
6100 1014
6200 1025
6300 1041
6400 1053
6500 1064
6600 1076
6700 1092
6800 1103
6900 1119
7000 1126
7100 1138
7200 1151
7300 1169
7400 1185
7500 1194
7600 1206
7700 1228
7800 1230
7900 1239
8000 1248
8100 1256
8200 1262
8300 1268
8400 1274
8500 1280
8600 1288
8700 1296
8800 1312
8900 1327
9000 1345
9100 1353
9200 1356
9300 1362
9400 1374
9500 1386
9600 1392
9700 1401
9800 1413
9900 1424
10000 1435
10100 1448
10200 1456
10300 1472
10400 1484
10500 1501
10600 1514
10700 1525
10800 1539
10900 1556
11000 1567
11100 1581
11200 1594
11300 1610
11400 1623
11500 1631
11600 1646
11700 1650
11800 1656
11900 1668
12000 1681
12100 1703
12200 1718
12300 1732
12400 1746
12500 1765
12600 1777
12700 1787
12800 1797
12900 1811
13000 1834
13100 1850
13200 1861
13300 1874
13400 1879
13500 1884
13600 1891
13700 1894
13800 1902
13900 1909
14000 1915
14100 1921
14200 1934
14300 1946
14400 1961
14500 1976
14600 1988
14700 1999
14800 2011
14900 2023
15000 2033
15100 2044
15200 2049
15300 2064
15400 2077
15500 2094
15600 2106
15700 2116
15800 2133
15900 2145
16000 2159
16100 2171
16200 2184
16300 2191
16400 2193
16500 2201
16600 2208
16700 2214
16800 2227
16900 2233
17000 2243
17100 2251
17200 2255
17300 2263
17400 2267
17500 2282
17600 2291
17700 2300
17800 2302
17900 2312
18000 2320
18100 2323
18200 2334
18300 2344
18400 2352
18500 2360
18600 2368
18700 2377
18800 2387
18900 2396
19000 2403
19100 2413
19200 2418
19300 2420
19400 2426
19500 2432
19600 2442
19700 2447
19800 2457
19900 2463
20000 2468
20100 2474
20200 2478
20300 2486
20400 2491
20500 2502
20600 2507
20700 2510
20800 2516
20900 2527
21000 2533
21100 2545
21200 2549
21300 2551
21400 2558
21500 2565
21600 2573
21700 2579
21800 2585
21900 2592
22000 2598
22100 2609
22200 2621
22300 2626
22400 2631
22500 2637
22600 2645
22700 2649
22800 2655
22900 2660
23000 2661
23100 2666
23200 2675
23300 2683
23400 2697
23500 2699
23600 2700
23700 2703
23800 2712
23900 2715
24000 2720
24100 2726
24200 2733
24300 2742
24400 2750
24500 2759
24600 2763
24700 2768
24800 2777
24900 2782
25000 2786
25100 2791
25200 2799
25300 2805
25400 2808
25500 2814
25600 2822
25700 2833
25800 2837
25900 2841
26000 2847
26100 2857
26200 2864
26300 2877
26400 2885
26500 2900
26600 2908
26700 2925
26800 2933
26900 2943
27000 2947
27100 2951
27200 2957
27300 2959
27400 2965
27500 2969
27600 2976
27700 2982
27800 2986
27900 2992
28000 2997
28100 3007
28200 3015
28300 3022
28400 3032
28500 3039
28600 3045
28700 3050
28800 3060
28900 3078
29000 3083
29100 3093
29200 3103
29300 3114
29400 3125
29500 3138
29600 3148
29700 3155
29800 3165
29900 3173
30000 3180
30100 3191
30200 3192
30300 3200
30400 3205
30500 3213
30600 3221
30700 3228
30800 3234
30900 3235
31000 3240
31100 3251
31200 3257
31300 3261
31400 3266
31500 3276
31600 3279
31700 3285
31800 3297
31900 3303
32000 3311
32100 3314
32200 3318
32300 3321
32400 3327
32500 3331
32600 3335
32700 3337
32800 3343
32900 3350
33000 3356
33100 3364
33200 3369
33300 3372
33400 3380
33500 3387
33600 3392
33700 3400
33800 3407
33900 3418
34000 3422
34100 3431
34200 3438
34300 3445
34400 3454
34500 3458
34600 3467
34700 3473
34800 3479
34900 3483
35000 3488
35100 3491
35200 3499
35300 3506
35400 3516
35500 3519
35600 3530
35700 3539
35800 3545
35900 3550
36000 3552
36100 3558
36200 3562
36300 3570
36400 3577
36500 3588
36600 3594
36700 3603
36800 3610
36900 3619
37000 3622
37100 3627
37200 3632
37300 3635
37400 3641
37500 3646
37600 3655
37700 3661
37800 3667
37900 3675
38000 3681
38100 3688
38200 3697
38300 3701
38400 3712
38500 3721
38600 3726
38700 3728
38800 3733
38900 3743
39000 3747
39100 3750
39200 3753
39300 3758
39400 3759
39500 3762
39600 3764
39700 3773
39800 3779
39900 3785
40000 3788
40100 3793
40200 3798
40300 3803
40400 3809
40500 3816
40600 3829
40700 3835
40800 3844
40900 3851
41000 3854
41100 3856
41200 3859
41300 3861
41400 3865
41500 3866
41600 3868
41700 3870
41800 3874
41900 3880
42000 3889
42100 3895
42200 3900
42300 3905
42400 3914
42500 3921
42600 3924
42700 3929
42800 3933
42900 3939
43000 3949
43100 3951
43200 3955
43300 3959
43400 3963
43500 3966
43600 3969
43700 3975
43800 3983
43900 3992
44000 3999
44100 4002
44200 4008
44300 4014
44400 4017
44500 4025
44600 4031
44700 4039
44800 4045
44900 4054
45000 4059
45100 4067
45200 4078
45300 4084
45400 4088
45500 4089
45600 4092
45700 4092
45800 4100
45900 4109
46000 4120
46100 4124
46200 4129
46300 4135
46400 4143
46500 4151
46600 4161
46700 4167
46800 4180
46900 4186
47000 4194
47100 4201
47200 4206
47300 4213
47400 4216
47500 4222
47600 4232
47700 4238
47800 4245
47900 4251
48000 4256
48100 4259
48200 4265
48300 4273
48400 4278
48500 4281
48600 4292
48700 4301
48800 4307
48900 4317
49000 4324
49100 4332
49200 4338
49300 4341
49400 4347
49500 4356
49600 4362
49700 4369
49800 4372
49900 4381
50000 4390
50100 4396
50200 4398
50300 4403
50400 4411
50500 4418
50600 4425
50700 4431
50800 4435
50900 4440
51000 4447
51100 4451
51200 4455
51300 4459
51400 4462
51500 4471
51600 4482
51700 4486
51800 4489
51900 4493
52000 4495
52100 4497
52200 4502
52300 4508
52400 4514
52500 4521
52600 4534
52700 4547
52800 4552
52900 4558
53000 4566
53100 4573
53200 4580
53300 4590
53400 4594
53500 4601
53600 4604
53700 4609
53800 4613
53900 4619
54000 4624
54100 4627
54200 4633
54300 4636
54400 4636
54500 4642
54600 4645
54700 4652
54800 4658
54900 4668
55000 4675
55100 4677
55200 4681
55300 4688
55400 4692
55500 4698
55600 4709
55700 4714
55800 4724
55900 4724
56000 4729
56100 4735
56200 4741
56300 4748
56400 4750
56500 4754
56600 4758
56700 4759
56800 4761
56900 4764
57000 4766
57100 4767
57200 4772
57300 4776
57400 4778
57500 4786
57600 4786
57700 4788
57800 4795
57900 4802
58000 4809
58100 4815
58200 4820
58300 4825
58400 4828
58500 4836
58600 4846
58700 4850
58800 4858
58900 4863
59000 4866
59100 4870
59200 4874
59300 4875
59400 4877
59500 4882
59600 4886
59700 4893
59800 4900
59900 4905
60000 4910
60100 4914
60200 4916
60300 4918
60400 4923
60500 4929
60600 4932
60700 4936
60800 4938
60900 4939
61000 4942
61100 4946
61200 4949
61300 4955
61400 4960
61500 4966
61600 4971
61700 4977
61800 4983
61900 4990
62000 4992
62100 4994
62200 5002
62300 5006
62400 5010
62500 5014
62600 5022
62700 5027
62800 5037
62900 5040
63000 5040
63100 5043
63200 5052
63300 5058
63400 5064
63500 5070
63600 5077
63700 5080
63800 5085
63900 5091
64000 5094
64100 5098
64200 5103
64300 5109
64400 5115
64500 5117
64600 5119
64700 5123
64800 5125
64900 5128
65000 5128
65100 5130
65200 5135
65300 5137
65400 5139
65500 5143
65600 5144
65700 5147
65800 5150
65900 5154
66000 5156
66100 5165
66200 5170
66300 5179
66400 5184
66500 5186
66600 5197
66700 5199
66800 5208
66900 5216
67000 5222
67100 5226
67200 5235
67300 5241
67400 5244
67500 5246
67600 5249
67700 5255
67800 5262
67900 5267
68000 5269
68100 5275
68200 5282
68300 5291
68400 5296
68500 5303
68600 5308
68700 5310
68800 5311
68900 5317
69000 5323
69100 5326
69200 5330
69300 5338
69400 5341
69500 5344
69600 5349
69700 5352
69800 5354
69900 5363
70000 5366
70100 5370
70200 5372
70300 5380
70400 5388
70500 5390
70600 5392
70700 5394
70800 5398
70900 5400
71000 5406
71100 5412
71200 5417
71300 5421
71400 5426
71500 5431
71600 5438
71700 5446
71800 5452
71900 5455
72000 5458
72100 5460
72200 5462
72300 5470
72400 5472
72500 5476
72600 5486
72700 5490
72800 5495
72900 5495
73000 5498
73100 5505
73200 5508
73300 5513
73400 5519
73500 5521
73600 5523
73700 5525
73800 5529
73900 5532
74000 5534
74100 5538
74200 5545
74300 5549
74400 5556
74500 5559
74600 5562
74700 5565
74800 5568
74900 5572
75000 5573
75100 5576
75200 5585
75300 5590
75400 5595
75500 5598
75600 5604
75700 5609
75800 5623
75900 5628
76000 5634
76100 5639
76200 5646
76300 5655
76400 5661
76500 5667
76600 5675
76700 5681
76800 5684
76900 5688
77000 5690
77100 5692
77200 5694
77300 5700
77400 5703
77500 5707
77600 5711
77700 5714
77800 5714
77900 5722
78000 5725
78100 5733
78200 5736
78300 5736
78400 5739
78500 5745
78600 5749
78700 5751
78800 5758
78900 5761
79000 5768
79100 5772
79200 5775
79300 5780
79400 5785
79500 5793
79600 5797
79700 5803
79800 5804
79900 5809
80000 5817
80100 5821
80200 5826
80300 5834
80400 5835
80500 5838
80600 5845
80700 5846
80800 5850
80900 5851
81000 5857
81100 5857
81200 5860
81300 5865
81400 5867
81500 5872
81600 5872
81700 5876
81800 5877
81900 5883
82000 5887
82100 5891
82200 5893
82300 5900
82400 5906
82500 5909
82600 5910
82700 5911
82800 5914
82900 5916
83000 5917
83100 5922
83200 5924
83300 5925
83400 5928
83500 5931
83600 5933
83700 5937
83800 5939
83900 5944
84000 5957
84100 5969
84200 5974
84300 5977
84400 5981
84500 5987
84600 5995
84700 6003
84800 6012
84900 6016
85000 6018
85100 6021
85200 6023
85300 6027
85400 6028
85500 6033
85600 6039
85700 6042
85800 6044
85900 6049
86000 6055
86100 6059
86200 6063
86300 6071
86400 6076
86500 6081
86600 6085
86700 6092
86800 6099
86900 6105
87000 6110
87100 6116
87200 6117
87300 6124
87400 6132
87500 6140
87600 6146
87700 6150
87800 6158
87900 6162
88000 6165
88100 6168
88200 6175
88300 6182
88400 6195
88500 6202
88600 6208
88700 6217
88800 6222
88900 6234
89000 6243
89100 6250
89200 6256
89300 6261
89400 6263
89500 6268
89600 6272
89700 6275
89800 6278
89900 6287
90000 6291
90100 6294
90200 6297
90300 6302
90400 6306
90500 6309
90600 6314
90700 6321
90800 6329
90900 6333
91000 6336
91100 6337
91200 6340
91300 6345
91400 6349
91500 6356
91600 6359
91700 6369
91800 6375
91900 6383
92000 6387
92100 6392
92200 6398
92300 6401
92400 6404
92500 6413
92600 6418
92700 6422
92800 6424
92900 6429
93000 6436
93100 6442
93200 6442
93300 6445
93400 6452
93500 6454
93600 6459
93700 6464
93800 6465
93900 6469
94000 6476
94100 6481
94200 6486
94300 6491
94400 6494
94500 6496
94600 6499
94700 6501
94800 6508
94900 6511
95000 6514
95100 6521
95200 6525
95300 6528
95400 6533
95500 6542
95600 6549
95700 6550
95800 6561
95900 6562
96000 6568
96100 6570
96200 6572
96300 6572
96400 6576
96500 6577
96600 6581
96700 6588
96800 6592
96900 6598
97000 6611
97100 6620
97200 6626
97300 6630
97400 6636
97500 6645
97600 6654
97700 6664
97800 6667
97900 6669
98000 6676
98100 6680
98200 6681
98300 6681
98400 6683
98500 6688
98600 6691
98700 6692
98800 6696
98900 6702
99000 6705
99100 6710
99200 6712
99300 6716
99400 6724
99500 6735
99600 6739
99700 6742
99800 6749
99900 6753
100000 6756
100100 6756
100200 6761
100300 6763
100400 6771
100500 6776
100600 6782
100700 6787
100800 6790
100900 6792
101000 6794
101100 6794
101200 6794
101300 6795
101400 6795
101500 6795
101600 6796
101700 6798
101800 6800
101900 6807
102000 6816
102100 6818
102200 6821
102300 6823
102400 6827
102500 6832
102600 6835
102700 6839
102800 6842
102900 6852
103000 6862
103100 6867
103200 6870
103300 6874
103400 6876
103500 6881
103600 6886
103700 6888
103800 6892
103900 6902
104000 6905
104100 6907
104200 6915
104300 6922
104400 6927
104500 6933
104600 6941
104700 6947
104800 6952
104900 6953
105000 6958
105100 6958
105200 6960
105300 6962
105400 6962
105500 6966
105600 6967
105700 6970
105800 6972
105900 6973
106000 6976
106100 6982
106200 6985
106300 6987
106400 6994
106500 6998
106600 7004
106700 7007
106800 7011
106900 7018
107000 7026
107100 7032
107200 7037
107300 7043
107400 7048
107500 7051
107600 7054
107700 7055
107800 7055
107900 7064
108000 7066
108100 7067
108200 7069
108300 7071
108400 7072
108500 7076
108600 7083
108700 7089
108800 7090
108900 7091
109000 7097
109100 7100
109200 7102
109300 7104
109400 7104
109500 7107
109600 7113
109700 7115
109800 7122
109900 7125
110000 7129
110100 7137
110200 7140
110300 7147
110400 7154
110500 7161
110600 7164
110700 7174
110800 7179
110900 7188
111000 7193
111100 7195
111200 7197
111300 7198
111400 7201
111500 7206
111600 7209
111700 7212
111800 7216
111900 7219
112000 7220
112100 7221
112200 7225
112300 7230
112400 7233
112500 7235
112600 7240
112700 7245
112800 7250
112900 7259
113000 7267
113100 7270
113200 7277
113300 7283
113400 7290
113500 7292
113600 7300
113700 7309
113800 7314
113900 7316
114000 7319
114100 7320
114200 7322
114300 7324
114400 7325
114500 7326
114600 7331
114700 7334
114800 7334
114900 7340
115000 7341
115100 7342
115200 7345
115300 7347
115400 7352
115500 7357
115600 7359
115700 7362
115800 7366
115900 7368
116000 7377
116100 7385
116200 7386
116300 7389
116400 7392
116500 7397
116600 7398
116700 7402
116800 7408
116900 7417
117000 7424
117100 7428
117200 7428
117300 7432
117400 7435
117500 7436
117600 7436
117700 7436
117800 7439
117900 7441
118000 7442
118100 7442
118200 7442
118300 7443
118400 7445
118500 7449
118600 7451
118700 7454
118800 7458
118900 7459
119000 7463
119100 7465
119200 7467
119300 7471
119400 7479
119500 7484
119600 7486
119700 7490
119800 7496
119900 7501
120000 7501
120100 7507
120200 7508
120300 7511
120400 7517
120500 7525
120600 7526
120700 7531
120800 7533
120900 7535
121000 7541
121100 7546
121200 7552
121300 7558
121400 7562
121500 7567
121600 7571
121700 7577
121800 7581
121900 7588
122000 7594
122100 7598
122200 7600
122300 7607
122400 7609
122500 7612
122600 7614
122700 7617
122800 7621
122900 7625
123000 7629
123100 7632
123200 7637
123300 7648
123400 7653
123500 7659
123600 7662
123700 7664
123800 7669
123900 7672
124000 7678
124100 7678
124200 7678
124300 7679
124400 7679
124500 7680
124600 7680
124700 7683
124800 7685
124900 7687
125000 7689
125100 7691
125200 7696
125300 7702
125400 7703
125500 7711
125600 7717
125700 7724
125800 7727
125900 7732
126000 7733
126100 7734
126200 7737
126300 7742
126400 7750
126500 7751
126600 7754
126700 7757
126800 7762
126900 7769
127000 7771
127100 7772
127200 7776
127300 7779
127400 7783
127500 7784
127600 7787
127700 7790
127800 7796
127900 7799
128000 7801
128100 7804
128200 7807
128300 7812
128400 7816
128500 7821
128600 7826
128700 7830
128800 7833
128900 7836
129000 7840
129100 7841
129200 7847
129300 7852
129400 7854
129500 7856
129600 7859
129700 7861
129800 7863
129900 7870
130000 7874
130100 7877
130200 7879
130300 7884
130400 7885
130500 7886
130600 7887
130700 7893
130800 7894
130900 7897
131000 7899
131100 7902
131200 7904
131300 7905
131400 7905
131500 7907
131600 7909
131700 7910
131800 7914
131900 7914
132000 7919
132100 7921
132200 7923
132300 7927
132400 7932
132500 7937
132600 7943
132700 7943
132800 7947
132900 7950
133000 7953
133100 7957
133200 7960
133300 7967
133400 7975
133500 7980
133600 7983
133700 7991
133800 7997
133900 8004
134000 8008
134100 8016
134200 8024
134300 8031
134400 8034
134500 8041
134600 8046
134700 8053
134800 8058
134900 8061
135000 8067
135100 8073
135200 8079
135300 8086
135400 8095
135500 8098
135600 8104
135700 8106
135800 8111
135900 8112
136000 8116
136100 8118
136200 8127
136300 8133
136400 8138
136500 8141
136600 8144
136700 8149
136800 8151
136900 8154
137000 8157
137100 8159
137200 8162
137300 8163
137400 8167
137500 8169
137600 8169
137700 8173
137800 8178
137900 8180
138000 8182
138100 8184
138200 8186
138300 8189
138400 8193
138500 8198
138600 8200
138700 8201
138800 8207
138900 8214
139000 8220
139100 8221
139200 8223
139300 8225
139400 8232
139500 8235
139600 8237
139700 8241
139800 8242
139900 8248
140000 8253
140100 8259
140200 8265
140300 8272
140400 8279
140500 8290
140600 8300
140700 8305
140800 8307
140900 8310
141000 8313
141100 8316
141200 8322
141300 8324
141400 8328
141500 8331
141600 8333
141700 8336
141800 8339
141900 8341
142000 8345
142100 8345
142200 8350
142300 8352
142400 8356
142500 8358
142600 8359
142700 8363
142800 8365
142900 8369
143000 8370
143100 8371
143200 8372
143300 8373
143400 8373
143500 8373
143600 8375
143700 8378
143800 8385
143900 8394
144000 8399
144100 8403
144200 8406
144300 8410
144400 8413
144500 8416
144600 8418
144700 8420
144800 8426
144900 8426
145000 8428
145100 8431
145200 8434
145300 8437
145400 8437
145500 8443
145600 8446
145700 8452
145800 8455
145900 8461
146000 8468
146100 8472
146200 8476
146300 8479
146400 8482
146500 8486
146600 8488
146700 8490
146800 8492
146900 8492
147000 8495
147100 8497
147200 8497
147300 8499
147400 8500
147500 8504
147600 8508
147700 8511
147800 8514
147900 8515
148000 8525
148100 8528
148200 8532
148300 8536
148400 8538
148500 8544
148600 8546
148700 8550
148800 8554
148900 8556
149000 8559
149100 8566
149200 8576
149300 8579
149400 8584
149500 8591
149600 8594
149700 8597
149800 8601
149900 8604
150000 8609
150100 8616
150200 8618
150300 8622
150400 8626
150500 8627
150600 8628
150700 8633
150800 8635
150900 8641
151000 8645
151100 8652
151200 8655
151300 8658
151400 8662
151500 8666
151600 8672
151700 8677
151800 8681
151900 8684
152000 8686
152100 8692
152200 8692
152300 8695
152400 8695
152500 8697
152600 8699
152700 8704
152800 8705
152900 8706
153000 8706
153100 8706
153200 8706
153300 8707
153400 8708
153500 8716
153600 8720
153700 8722
153800 8725
153900 8730
154000 8734
154100 8739
154200 8744
154300 8749
154400 8754
154500 8758
154600 8765
154700 8771
154800 8773
154900 8776
155000 8787
155100 8794
155200 8804
155300 8807
155400 8810
155500 8815
155600 8823
155700 8836
155800 8844
155900 8853
156000 8855
156100 8858
156200 8862
156300 8867
156400 8870
156500 8873
156600 8880
156700 8886
156800 8889
156900 8902
157000 8908
157100 8917
157200 8921
157300 8929
157400 8939
157500 8945
157600 8952
157700 8959
157800 8964
157900 8967
158000 8968
158100 8970
158200 8976
158300 8985
158400 8986
158500 8992
158600 8996
158700 8996
158800 8999
158900 9003
159000 9007
159100 9008
159200 9014
159300 9019
159400 9022
159500 9024
159600 9028
159700 9028
159800 9033
159900 9034
160000 9038
160100 9040
160200 9043
160300 9050
160400 9055
160500 9058
160600 9060
160700 9062
160800 9065
160900 9066
161000 9076
161100 9079
161200 9080
161300 9082
161400 9087
161500 9092
161600 9092
161700 9094
161800 9098
161900 9098
162000 9104
162100 9106
162200 9109
162300 9114
162400 9116
162500 9121
162600 9122
162700 9126
162800 9132
162900 9140
163000 9144
163100 9153
163200 9159
163300 9167
163400 9172
163500 9179
163600 9183
163700 9185
163800 9190
163900 9196
164000 9199
164100 9203
164200 9207
164300 9209
164400 9211
164500 9213
164600 9214
164700 9216
164800 9221
164900 9221
165000 9228
165100 9232
165200 9234
165300 9239
165400 9244
165500 9246
165600 9249
165700 9254
165800 9255
165900 9256
166000 9258
166100 9261
166200 9263
166300 9264
166400 9267
166500 9275
166600 9277
166700 9279
166800 9281
166900 9286
167000 9289
167100 9289
167200 9291
167300 9293
167400 9294
167500 9297
167600 9298
167700 9298
167800 9301
167900 9302
168000 9306
168100 9306
168200 9310
168300 9314
168400 9317
168500 9319
168600 9324
168700 9326
168800 9329
168900 9329
169000 9331
169100 9338
169200 9342
169300 9345
169400 9348
169500 9349
169600 9353
169700 9353
169800 9359
169900 9368
170000 9375
170100 9380
170200 9386
170300 9390
170400 9395
170500 9403
170600 9407
170700 9414
170800 9426
170900 9436
171000 9442
171100 9444
171200 9444
171300 9446
171400 9450
171500 9453
171600 9455
171700 9458
171800 9462
171900 9464
172000 9465
172100 9468
172200 9468
172300 9468
172400 9468
172500 9471
172600 9475
172700 9479
172800 9484
172900 9486
173000 9489
173100 9492
173200 9493
173300 9497
173400 9500
173500 9500
173600 9501
173700 9501
173800 9501
173900 9507
174000 9512
174100 9513
174200 9513
174300 9520
174400 9524
174500 9527
174600 9531
174700 9534
174800 9539
174900 9541
175000 9543
175100 9544
175200 9546
175300 9546
175400 9550
175500 9552
175600 9553
175700 9561
175800 9566
175900 9567
176000 9571
176100 9571
176200 9574
176300 9576
176400 9578
176500 9582
176600 9585
176700 9589
176800 9589
176900 9591
177000 9594
177100 9596
177200 9596
177300 9599
177400 9609
177500 9613
177600 9618
177700 9621
177800 9625
177900 9625
178000 9630
178100 9631
178200 9633
178300 9633
178400 9636
178500 9637
178600 9638
178700 9643
178800 9646
178900 9654
179000 9658
179100 9663
179200 9667
179300 9670
179400 9672
179500 9675
179600 9676
179700 9677
179800 9683
179900 9688
180000 9693
180100 9697
180200 9701
180300 9702
180400 9703
180500 9706
180600 9714
180700 9718
180800 9727
180900 9730
181000 9734
181100 9736
181200 9744
181300 9748
181400 9749
181500 9752
181600 9756
181700 9758
181800 9761
181900 9767
182000 9771
182100 9773
182200 9782
182300 9782
182400 9787
182500 9789
182600 9797
182700 9800
182800 9808
182900 9811
183000 9814
183100 9817
183200 9825
183300 9829
183400 9832
183500 9833
183600 9836
183700 9841
183800 9842
183900 9846
184000 9847
184100 9849
184200 9850
184300 9855
184400 9859
184500 9862
184600 9865
184700 9868
184800 9871
184900 9871
185000 9872
185100 9877
185200 9882
185300 9884
185400 9887
185500 9887
185600 9888
185700 9893
185800 9896
185900 9897
186000 9902
186100 9903
186200 9906
186300 9909
186400 9910
186500 9910
186600 9911
186700 9915
186800 9915
186900 9919
187000 9922
187100 9924
187200 9926
187300 9929
187400 9930
187500 9931
187600 9931
187700 9938
187800 9941
187900 9942
188000 9944
188100 9947
188200 9953
188300 9954
188400 9956
188500 9956
188600 9957
188700 9957
188800 9959
188900 9960
189000 9962
189100 9963
189200 9963
189300 9965
189400 9968
189500 9972
189600 9973
189700 9976
189800 9976
189900 9980
190000 9982
190100 9983
190200 9984
190300 9989
190400 9989
190500 9989
190600 9996
190700 10000
190800 10001
190900 10004
191000 10006
191100 10007
191200 10008
191300 10010
191400 10015
191500 10017
191600 10019
191700 10022
191800 10025
191900 10025
192000 10027
192100 10030
192200 10032
192300 10040
192400 10045
192500 10052
192600 10059
192700 10063
192800 10066
192900 10068
193000 10069
193100 10070
193200 10072
193300 10073
193400 10076
193500 10079
193600 10084
193700 10086
193800 10092
193900 10093
194000 10100
194100 10104
194200 10108
194300 10111
194400 10117
194500 10121
194600 10123
194700 10127
194800 10129
194900 10131
195000 10132
195100 10133
195200 10136
195300 10138
195400 10144
195500 10148
195600 10153
195700 10153
195800 10156
195900 10162
196000 10165
196100 10170
196200 10173
196300 10175
196400 10180
196500 10183
196600 10185
196700 10188
196800 10190
196900 10197
197000 10201
197100 10203
197200 10207
197300 10212
197400 10213
197500 10216
197600 10218
197700 10222
197800 10224
197900 10226
198000 10230
198100 10236
198200 10237
198300 10242
198400 10247
198500 10250
198600 10252
198700 10255
198800 10256
198900 10257
199000 10260
199100 10261
199200 10262
199300 10267
199400 10268
199500 10269
199600 10269
199700 10271
199800 10271
199900 10276
200000 10279
200100 10283
200200 10287
200300 10289
200400 10293
200500 10297
200600 10300
200700 10301
200800 10301
200900 10305
201000 10307
201100 10311
201200 10313
201300 10316
201400 10317
201500 10317
201600 10320
201700 10321
201800 10325
201900 10329
202000 10330
202100 10331
202200 10331
202300 10333
202400 10334
202500 10337
202600 10343
202700 10345
202800 10349
202900 10354
203000 10356
203100 10358
203200 10363
203300 10370
203400 10371
203500 10372
203600 10375
203700 10378
203800 10381
203900 10382
204000 10389
204100 10397
204200 10399
204300 10400
204400 10403
204500 10406
204600 10410
204700 10410
204800 10416
204900 10419
205000 10423
205100 10428
205200 10428
205300 10433
205400 10439
205500 10444
205600 10447
205700 10447
205800 10452
205900 10458
206000 10468
206100 10472
206200 10473
206300 10473
206400 10478
206500 10481
206600 10482
206700 10490
206800 10493
206900 10496
207000 10498
207100 10499
207200 10501
207300 10503
207400 10510
207500 10513
207600 10516
207700 10520
207800 10522
207900 10526
208000 10527
208100 10529
208200 10534
208300 10538
208400 10541
208500 10542
208600 10546
208700 10551
208800 10555
208900 10556
209000 10559
209100 10560
209200 10562
209300 10567
209400 10568
209500 10574
209600 10575
209700 10576
209800 10583
209900 10589
210000 10593
210100 10597
210200 10605
210300 10612
210400 10625
210500 10632
210600 10646
210700 10653
210800 10658
210900 10668
211000 10670
211100 10673
211200 10676
211300 10678
211400 10683
211500 10686
211600 10689
211700 10691
211800 10695
211900 10698
212000 10704
212100 10707
212200 10711
212300 10715
212400 10721
212500 10724
212600 10727
212700 10734
212800 10735
212900 10738
213000 10742
213100 10748
213200 10755
213300 10763
213400 10770
213500 10773
213600 10776
213700 10784
213800 10790
213900 10792
214000 10795
214100 10795
214200 10798
214300 10799
214400 10799
214500 10799
214600 10802
214700 10804
214800 10804
214900 10805
215000 10806
215100 10807
215200 10809
215300 10813
215400 10813
215500 10814
215600 10817
215700 10819
215800 10820
215900 10822
216000 10824
216100 10827
216200 10830
216300 10834
216400 10836
216500 10837
216600 10841
216700 10844
216800 10847
216900 10850
217000 10851
217100 10852
217200 10854
217300 10858
217400 10863
217500 10863
217600 10867
217700 10876
217800 10877
217900 10883
218000 10888
218100 10895
218200 10898
218300 10904
218400 10907
218500 10910
218600 10913
218700 10917
218800 10920
218900 10926
219000 10928
219100 10931
219200 10933
219300 10939
219400 10942
219500 10943
219600 10946
219700 10949
219800 10950
219900 10950
220000 10951
220100 10956
220200 10960
220300 10965
220400 10966
220500 10968
220600 10971
220700 10975
220800 10976
220900 10980
221000 10983
221100 10985
221200 10988
221300 10996
221400 11000
221500 11000
221600 11001
221700 11006
221800 11013
221900 11016
222000 11018
222100 11023
222200 11029
222300 11034
222400 11035
222500 11036
222600 11041
222700 11042
222800 11045
222900 11050
223000 11050
223100 11054
223200 11055
223300 11057
223400 11059
223500 11061
223600 11066
223700 11069
223800 11072
223900 11075
224000 11077
224100 11080
224200 11082
224300 11089
224400 11092
224500 11096
224600 11098
224700 11102
224800 11105
224900 11110
225000 11119
225100 11122
225200 11126
225300 11130
225400 11132
225500 11137
225600 11141
225700 11143
225800 11148
225900 11156
226000 11158
226100 11162
226200 11162
226300 11164
226400 11168
226500 11169
226600 11172
226700 11175
226800 11177
226900 11177
227000 11179
227100 11181
227200 11187
227300 11191
227400 11194
227500 11194
227600 11196
227700 11198
227800 11198
227900 11201
228000 11202
228100 11206
228200 11208
228300 11210
228400 11212
228500 11215
228600 11217
228700 11220
228800 11224
228900 11231
229000 11234
229100 11239
229200 11242
229300 11249
229400 11259
229500 11263
229600 11265
229700 11266
229800 11268
229900 11268
230000 11272
230100 11272
230200 11272
230300 11272
230400 11272
230500 11279
230600 11282
230700 11284
230800 11287
230900 11289
231000 11293
231100 11295
231200 11296
231300 11296
231400 11297
231500 11299
231600 11301
231700 11304
231800 11309
231900 11311
232000 11313
232100 11319
232200 11320
232300 11322
232400 11323
232500 11334
232600 11335
232700 11337
232800 11340
232900 11340
233000 11344
233100 11347
233200 11347
233300 11350
233400 11353
233500 11356
233600 11356
233700 11358
233800 11362
233900 11365
234000 11366
234100 11366
234200 11370
234300 11370
234400 11371
234500 11371
234600 11372
234700 11374
234800 11375
234900 11376
235000 11378
235100 11383
235200 11386
235300 11391
235400 11394
235500 11396
235600 11399
235700 11402
235800 11407
235900 11413
236000 11419
236100 11424
236200 11426
236300 11427
236400 11428
236500 11435
236600 11436
236700 11437
236800 11439
236900 11442
237000 11445
237100 11447
237200 11448
237300 11450
237400 11454
237500 11456
237600 11457
237700 11459
237800 11460
237900 11462
238000 11466
238100 11469
238200 11470
238300 11471
238400 11471
238500 11474
238600 11478
238700 11479
238800 11481
238900 11484
239000 11490
239100 11496
239200 11498
239300 11503
239400 11507
239500 11507
239600 11510
239700 11511
239800 11512
239900 11514
240000 11514
240100 11518
240200 11519
240300 11520
240400 11524
240500 11532
240600 11538
240700 11539
240800 11543
240900 11545
241000 11546
241100 11549
241200 11550
241300 11550
241400 11551
241500 11553
241600 11553
241700 11555
241800 11555
241900 11556
242000 11557
242100 11558
242200 11560
242300 11560
242400 11562
242500 11565
242600 11569
242700 11573
242800 11575
242900 11578
243000 11578
243100 11580
243200 11584
243300 11585
243400 11588
243500 11590
243600 11597
243700 11599
243800 11601
243900 11601
244000 11603
244100 11606
244200 11612
244300 11612
244400 11612
244500 11614
244600 11616
244700 11618
244800 11618
244900 11618
245000 11618
245100 11622
245200 11628
245300 11629
245400 11630
245500 11633
245600 11635
245700 11636
245800 11640
245900 11641
246000 11643
246100 11643
246200 11645
246300 11646
246400 11646
246500 11649
246600 11650
246700 11654
246800 11655
246900 11659
247000 11664
247100 11668
247200 11670
247300 11670
247400 11677
247500 11679
247600 11681
247700 11685
247800 11686
247900 11690
248000 11692
248100 11698
248200 11703
248300 11705
248400 11707
248500 11708
248600 11711
248700 11716
248800 11717
248900 11723
249000 11724
249100 11727
249200 11729
249300 11730
249400 11735
249500 11740
249600 11743
249700 11744
249800 11746
249900 11750
250000 11751
250100 11753
250200 11754
250300 11757
250400 11762
250500 11765
250600 11768
250700 11772
250800 11774
250900 11777
251000 11777
251100 11777
251200 11778
251300 11782
251400 11786
251500 11787
251600 11790
251700 11794
251800 11795
251900 11797
252000 11800
252100 11801
252200 11805
252300 11806
252400 11808
252500 11809
252600 11812
252700 11813
252800 11818
252900 11822
253000 11823
253100 11826
253200 11831
253300 11831
253400 11832
253500 11834
253600 11835
253700 11836
253800 11838
253900 11843
254000 11843
254100 11847
254200 11851
254300 11854
254400 11857
254500 11863
254600 11865
254700 11869
254800 11870
254900 11871
255000 11871
255100 11873
255200 11875
255300 11878
255400 11882
255500 11882
255600 11884
255700 11886
255800 11888
255900 11888
256000 11891
256100 11895
256200 11901
256300 11905
256400 11909
256500 11914
256600 11915
256700 11917
256800 11921
256900 11927
257000 11931
257100 11936
257200 11943
257300 11952
257400 11956
257500 11960
257600 11965
257700 11969
257800 11974
257900 11977
258000 11978
258100 11981
258200 11986
258300 11994
258400 11998
258500 12006
258600 12010
258700 12012
258800 12012
258900 12015
259000 12019
259100 12021
259200 12022
259300 12025
259400 12026
259500 12030
259600 12033
259700 12041
259800 12044
259900 12048
260000 12055
260100 12062
260200 12064
260300 12064
260400 12067
260500 12067
260600 12071
260700 12072
260800 12074
260900 12075
261000 12077
261100 12081
261200 12085
261300 12087
261400 12089
261500 12089
261600 12091
261700 12094
261800 12099
261900 12102
262000 12104
262100 12106
262200 12106
262300 12108
262400 12110
262500 12112
262600 12117
262700 12120
262800 12125
262900 12129
263000 12133
263100 12137
263200 12142
263300 12143
263400 12145
263500 12151
263600 12155
263700 12163
263800 12167
263900 12167
264000 12177
264100 12180
264200 12182
264300 12185
264400 12187
264500 12189
264600 12190
264700 12193
264800 12199
264900 12203
265000 12207
265100 12213
265200 12217
265300 12222
265400 12224
265500 12227
265600 12232
265700 12234
265800 12238
265900 12239
266000 12240
266100 12241
266200 12241
266300 12242
266400 12243
266500 12243
266600 12244
266700 12244
266800 12248
266900 12249
267000 12252
267100 12256
267200 12258
267300 12261
267400 12268
267500 12275
267600 12277
267700 12281
267800 12282
267900 12283
268000 12288
268100 12289
268200 12293
268300 12295
268400 12297
268500 12300
268600 12300
268700 12304
268800 12304
268900 12305
269000 12306
269100 12309
269200 12313
269300 12317
269400 12322
269500 12322
269600 12322
269700 12322
269800 12323
269900 12323
270000 12326
270100 12327
270200 12328
270300 12328
270400 12329
270500 12331
270600 12334
270700 12335
270800 12337
270900 12338
271000 12340
271100 12343
271200 12348
271300 12349
271400 12350
271500 12351
271600 12357
271700 12359
271800 12364
271900 12366
272000 12372
272100 12376
272200 12376
272300 12380
272400 12382
272500 12384
272600 12384
272700 12387
272800 12388
272900 12392
273000 12394
273100 12396
273200 12396
273300 12401
273400 12404
273500 12408
273600 12412
273700 12415
273800 12415
273900 12418
274000 12421
274100 12422
274200 12425
274300 12427
274400 12434
274500 12437
274600 12439
274700 12441
274800 12444
274900 12446
275000 12447
275100 12447
275200 12449
275300 12450
275400 12451
275500 12454
275600 12454
275700 12455
275800 12455
275900 12455
276000 12456
276100 12457
276200 12458
276300 12458
276400 12461
276500 12462
276600 12464
276700 12466
276800 12468
276900 12469
277000 12472
277100 12476
277200 12479
277300 12483
277400 12490
277500 12494
277600 12499
277700 12503
277800 12505
277900 12508
278000 12515
278100 12516
278200 12517
278300 12523
278400 12525
278500 12526
278600 12526
278700 12527
278800 12527
278900 12530
279000 12530
279100 12530
279200 12530
279300 12531
279400 12532
279500 12532
279600 12532
279700 12533
279800 12535
279900 12539
280000 12543
280100 12543
280200 12544
280300 12548
280400 12552
280500 12554
280600 12560
280700 12563
280800 12568
280900 12569
281000 12573
281100 12575
281200 12577
281300 12577
281400 12578
281500 12583
281600 12585
281700 12589
281800 12590
281900 12593
282000 12595
282100 12597
282200 12600
282300 12601
282400 12601
282500 12602
282600 12604
282700 12608
282800 12612
282900 12614
283000 12614
283100 12616
283200 12618
283300 12619
283400 12619
283500 12622
283600 12624
283700 12626
283800 12627
283900 12629
284000 12633
284100 12636
284200 12641
284300 12645
284400 12647
284500 12648
284600 12655
284700 12658
284800 12662
284900 12663
285000 12665
285100 12670
285200 12675
285300 12677
285400 12680
285500 12683
285600 12684
285700 12686
285800 12688
285900 12691
286000 12693
286100 12694
286200 12702
286300 12716
286400 12718
286500 12725
286600 12735
286700 12744
286800 12750
286900 12754
287000 12757
287100 12762
287200 12764
287300 12766
287400 12767
287500 12767
287600 12772
287700 12772
287800 12773
287900 12776
288000 12784
288100 12788
288200 12791
288300 12794
288400 12795
288500 12797
288600 12801
288700 12808
288800 12809
288900 12813
289000 12814
289100 12818
289200 12820
289300 12826
289400 12830
289500 12834
289600 12836
289700 12842
289800 12843
289900 12848
290000 12849
290100 12849
290200 12849
290300 12849
290400 12849
290500 12849
290600 12851
290700 12852
290800 12855
290900 12856
291000 12856
291100 12858
291200 12861
291300 12863
291400 12864
291500 12864
291600 12865
291700 12869
291800 12878
291900 12882
292000 12884
292100 12891
292200 12892
292300 12894
292400 12897
292500 12901
292600 12906
292700 12907
292800 12908
292900 12911
293000 12915
293100 12916
293200 12916
293300 12917
293400 12920
293500 12922
293600 12927
293700 12931
293800 12932
293900 12932
294000 12935
294100 12939
294200 12939
294300 12943
294400 12947
294500 12947
294600 12950
294700 12951
294800 12952
294900 12957
295000 12960
295100 12965
295200 12972
295300 12979
295400 12984
295500 12987
295600 12988
295700 12992
295800 12995
295900 12998
296000 13003
296100 13006
296200 13009
296300 13009
296400 13009
296500 13009
296600 13012
296700 13014
296800 13018
296900 13019
297000 13019
297100 13022
297200 13024
297300 13024
297400 13027
297500 13029
297600 13034
297700 13039
297800 13041
297900 13046
298000 13049
298100 13051
298200 13053
298300 13054
298400 13059
298500 13061
298600 13062
298700 13070
298800 13074
298900 13080
299000 13082
299100 13085
299200 13086
299300 13087
299400 13092
299500 13095
299600 13099
299700 13102
299800 13112
299900 13116
300000 13121
300100 13124
300200 13126
300300 13133
300400 13133
300500 13138
300600 13140
300700 13143
300800 13145
300900 13147
301000 13152
301100 13156
301200 13158
301300 13168
301400 13171
301500 13175
301600 13178
301700 13180
301800 13181
301900 13182
302000 13185
302100 13186
302200 13191
302300 13197
302400 13203
302500 13205
302600 13207
302700 13209
302800 13210
302900 13213
303000 13213
303100 13214
303200 13218
303300 13218
303400 13220
303500 13223
303600 13225
303700 13226
303800 13227
303900 13228
304000 13229
304100 13232
304200 13232
304300 13233
304400 13234
304500 13235
304600 13237
304700 13238
304800 13240
304900 13242
305000 13243
305100 13244
305200 13246
305300 13246
305400 13251
305500 13253
305600 13253
305700 13259
305800 13260
305900 13261
306000 13263
306100 13264
306200 13265
306300 13265
306400 13269
306500 13273
306600 13278
306700 13279
306800 13281
306900 13283
307000 13285
307100 13285
307200 13286
307300 13287
307400 13289
307500 13290
307600 13291
307700 13292
307800 13294
307900 13296
308000 13298
308100 13301
308200 13304
308300 13307
308400 13309
308500 13312
308600 13314
308700 13318
308800 13322
308900 13328
309000 13332
309100 13334
309200 13338
309300 13341
309400 13348
309500 13350
309600 13351
309700 13358
309800 13359
309900 13361
310000 13364
310100 13368
310200 13370
310300 13373
310400 13378
310500 13382
310600 13386
310700 13388
310800 13389
310900 13391
311000 13395
311100 13399
311200 13401
311300 13402
311400 13402
311500 13402
311600 13402
311700 13402
311800 13406
311900 13407
312000 13409
312100 13416
312200 13419
312300 13423
312400 13430
312500 13432
312600 13438
312700 13439
312800 13442
312900 13443
313000 13443
313100 13445
313200 13450
313300 13459
313400 13466
313500 13469
313600 13474
313700 13476
313800 13483
313900 13486
314000 13491
314100 13493
314200 13496
314300 13506
314400 13509
314500 13510
314600 13511
314700 13511
314800 13513
314900 13521
315000 13521
315100 13523
315200 13525
315300 13526
315400 13529
315500 13529
315600 13530
315700 13533
315800 13533
315900 13536
316000 13542
316100 13547
316200 13547
316300 13553
316400 13556
316500 13559
316600 13566
316700 13570
316800 13573
316900 13577
317000 13587
317100 13594
317200 13596
317300 13602
317400 13603
317500 13607
317600 13608
317700 13610
317800 13612
317900 13616
318000 13620
318100 13624
318200 13624
318300 13633
318400 13636
318500 13640
318600 13646
318700 13648
318800 13648
318900 13650
319000 13652
319100 13658
319200 13658
319300 13661
319400 13664
319500 13668
319600 13669
319700 13671
319800 13675
319900 13681
320000 13681
320100 13685
320200 13685
320300 13687
320400 13688
320500 13689
320600 13691
320700 13694
320800 13695
320900 13696
321000 13697
321100 13698
321200 13698
321300 13702
321400 13705
321500 13706
321600 13708
321700 13713
321800 13715
321900 13716
322000 13717
322100 13718
322200 13719
322300 13720
322400 13721
322500 13727
322600 13729
322700 13729
322800 13730
322900 13732
323000 13732
323100 13733
323200 13733
323300 13733
323400 13733
323500 13733
323600 13735
323700 13736
323800 13740
323900 13743
324000 13747
324100 13750
324200 13751
324300 13751
324400 13754
324500 13755
324600 13760
324700 13761
324800 13761
324900 13763
325000 13763
325100 13769
325200 13770
325300 13771
325400 13777
325500 13784
325600 13787
325700 13791
325800 13793
325900 13797
326000 13798
326100 13801
326200 13801
326300 13806
326400 13808
326500 13810
326600 13813
326700 13814
326800 13814
326900 13815
327000 13815
327100 13818
327200 13819
327300 13822
327400 13823
327500 13823
327600 13827
327700 13831
327800 13836
327900 13838
328000 13841
328100 13848
328200 13852
328300 13853
328400 13860
328500 13861
328600 13861
328700 13866
328800 13869
328900 13871
329000 13879
329100 13882
329200 13884
329300 13884
329400 13889
329500 13889
329600 13894
329700 13902
329800 13904
329900 13908
330000 13912
330100 13915
330200 13917
330300 13925
330400 13927
330500 13930
330600 13934
330700 13939
330800 13942
330900 13943
331000 13944
331100 13948
331200 13953
331300 13954
331400 13955
331500 13958
331600 13961
331700 13964
331800 13965
331900 13965
332000 13969
332100 13972
332200 13975
332300 13978
332400 13981
332500 13986
332600 13988
332700 13990
332800 13993
332900 13996
333000 13996
333100 13997
333200 14000
333300 14003
333400 14006
333500 14007
333600 14007
333700 14009
333800 14011
333900 14014
334000 14015
334100 14017
334200 14021
334300 14025
334400 14033
334500 14041
334600 14047
334700 14050
334800 14053
334900 14053
335000 14054
335100 14056
335200 14057
335300 14061
335400 14062
335500 14063
335600 14063
335700 14067
335800 14070
335900 14074
336000 14074
336100 14076
336200 14077
336300 14078
336400 14081
336500 14081
336600 14085
336700 14091
336800 14093
336900 14095
337000 14100
337100 14108
337200 14111
337300 14114
337400 14115
337500 14116
337600 14117
337700 14121
337800 14124
337900 14124
338000 14125
338100 14127
338200 14131
338300 14135
338400 14139
338500 14143
338600 14145
338700 14149
338800 14151
338900 14156
339000 14164
339100 14167
339200 14173
339300 14176
339400 14176
339500 14177
339600 14177
339700 14177
339800 14178
339900 14180
340000 14184
340100 14186
340200 14187
340300 14191
340400 14194
340500 14194
340600 14197
340700 14199
340800 14201
340900 14201
341000 14204
341100 14204
341200 14206
341300 14210
341400 14211
341500 14214
341600 14218
341700 14219
341800 14221
341900 14224
342000 14225
342100 14227
342200 14230
342300 14234
342400 14236
342500 14239
342600 14242
342700 14243
342800 14245
342900 14245
343000 14246
343100 14249
343200 14252
343300 14257
343400 14259
343500 14262
343600 14264
343700 14266
343800 14266
343900 14268
344000 14270
344100 14274
344200 14277
344300 14278
344400 14279
344500 14280
344600 14280
344700 14281
344800 14282
344900 14282
345000 14283
345100 14284
345200 14285
345300 14287
345400 14290
345500 14290
345600 14291
345700 14294
345800 14295
345900 14298
346000 14300
346100 14303
346200 14305
346300 14310
346400 14315
346500 14318
346600 14322
346700 14326
346800 14328
346900 14331
347000 14332
347100 14334
347200 14335
347300 14336
347400 14342
347500 14348
347600 14348
347700 14352
347800 14353
347900 14357
348000 14358
348100 14359
348200 14361
348300 14362
348400 14363
348500 14365
348600 14367
348700 14370
348800 14379
348900 14382
349000 14386
349100 14391
349200 14393
349300 14397
349400 14401
349500 14403
349600 14404
349700 14406
349800 14408
349900 14413
350000 14418
350100 14418
350200 14418
350300 14422
350400 14424
350500 14424
350600 14427
350700 14427
350800 14427
350900 14429
351000 14434
351100 14437
351200 14438
351300 14438
351400 14439
351500 14439
351600 14439
351700 14440
351800 14444
351900 14445
352000 14447
352100 14452
352200 14453
352300 14456
352400 14460
352500 14463
352600 14466
352700 14471
352800 14477
352900 14483
353000 14486
353100 14490
353200 14494
353300 14496
353400 14498
353500 14502
353600 14505
353700 14505
353800 14508
353900 14512
354000 14515
354100 14516
354200 14518
354300 14519
354400 14520
354500 14520
354600 14524
354700 14525
354800 14527
354900 14532
355000 14534
355100 14534
355200 14536
355300 14541
355400 14544
355500 14544
355600 14547
355700 14548
355800 14548
355900 14548
356000 14548
356100 14550
356200 14550
356300 14552
356400 14554
356500 14556
356600 14559
356700 14564
356800 14567
356900 14569
357000 14569
357100 14570
357200 14571
357300 14573
357400 14575
357500 14579
357600 14587
357700 14593
357800 14596
357900 14601
358000 14603
358100 14603
358200 14604
358300 14606
358400 14607
358500 14608
358600 14613
358700 14617
358800 14619
358900 14621
359000 14621
359100 14623
359200 14625
359300 14626
359400 14627
359500 14635
359600 14636
359700 14637
359800 14638
359900 14641
360000 14642
360100 14645
360200 14645
360300 14646
360400 14648
360500 14650
360600 14652
360700 14655
360800 14660
360900 14663
361000 14666
361100 14672
361200 14675
361300 14680
361400 14682
361500 14685
361600 14687
361700 14691
361800 14692
361900 14694
362000 14696
362100 14697
362200 14699
362300 14702
362400 14703
362500 14708
362600 14708
362700 14708
362800 14715
362900 14718
363000 14718
363100 14719
363200 14719
363300 14721
363400 14722
363500 14724
363600 14726
363700 14726
363800 14726
363900 14728
364000 14730
364100 14733
364200 14734
364300 14736
364400 14738
364500 14741
364600 14746
364700 14751
364800 14753
364900 14756
365000 14757
365100 14761
365200 14764
365300 14768
365400 14773
365500 14776
365600 14782
365700 14784
365800 14786
365900 14787
366000 14789
366100 14790
366200 14790
366300 14793
366400 14794
366500 14800
366600 14800
366700 14800
366800 14804
366900 14805
367000 14806
367100 14808
367200 14810
367300 14813
367400 14814
367500 14817
367600 14820
367700 14824
367800 14826
367900 14828
368000 14829
368100 14833
368200 14836
368300 14839
368400 14840
368500 14841
368600 14841
368700 14841
368800 14843
368900 14843
369000 14844
369100 14845
369200 14847
369300 14849
369400 14850
369500 14852
369600 14853
369700 14854
369800 14856
369900 14857
370000 14857
370100 14858
370200 14858
370300 14861
370400 14862
370500 14863
370600 14863
370700 14864
370800 14865
370900 14866
371000 14867
371100 14869
371200 14869
371300 14873
371400 14881
371500 14884
371600 14890
371700 14894
371800 14898
371900 14901
372000 14909
372100 14914
372200 14915
372300 14920
372400 14923
372500 14923
372600 14924
372700 14927
372800 14929
372900 14931
373000 14933
373100 14934
373200 14935
373300 14935
373400 14936
373500 14936
373600 14937
373700 14938
373800 14941
373900 14943
374000 14948
374100 14954
374200 14962
374300 14968
374400 14969
374500 14971
374600 14977
374700 14980
374800 14981
374900 14984
375000 14987
375100 14991
375200 14997
375300 14999
375400 15002
375500 15006
375600 15007
375700 15009
375800 15013
375900 15014
376000 15018
376100 15020
376200 15021
376300 15022
376400 15022
376500 15030
376600 15032
376700 15036
376800 15039
376900 15042
377000 15045
377100 15046
377200 15050
377300 15052
377400 15052
377500 15056
377600 15057
377700 15057
377800 15058
377900 15060
378000 15063
378100 15064
378200 15064
378300 15065
378400 15068
378500 15071
378600 15071
378700 15072
378800 15073
378900 15073
379000 15075
379100 15075
379200 15076
379300 15081
379400 15082
379500 15085
379600 15088
379700 15092
379800 15094
379900 15097
380000 15098
380100 15101
380200 15104
380300 15105
380400 15108
380500 15110
380600 15112
380700 15115
380800 15118
380900 15120
381000 15123
381100 15125
381200 15128
381300 15132
381400 15136
381500 15141
381600 15142
381700 15144
381800 15147
381900 15150
382000 15151
382100 15153
382200 15159
382300 15160
382400 15165
382500 15169
382600 15172
382700 15175
382800 15177
382900 15181
383000 15183
383100 15191
383200 15197
383300 15204
383400 15209
383500 15217
383600 15220
383700 15226
383800 15230
383900 15231
384000 15231
384100 15234
384200 15235
384300 15239
384400 15242
384500 15246
384600 15247
384700 15247
384800 15248
384900 15248
385000 15252
385100 15256
385200 15262
385300 15265
385400 15265
385500 15267
385600 15270
385700 15272
385800 15275
385900 15276
386000 15277
386100 15278
386200 15281
386300 15284
386400 15288
386500 15290
386600 15293
386700 15297
386800 15298
386900 15299
387000 15301
387100 15302
387200 15303
387300 15305
387400 15306
387500 15307
387600 15309
387700 15312
387800 15315
387900 15318
388000 15321
388100 15323
388200 15327
388300 15328
388400 15331
388500 15335
388600 15338
388700 15342
388800 15345
388900 15350
389000 15353
389100 15359
389200 15361
389300 15363
389400 15367
389500 15374
389600 15374
389700 15377
389800 15381
389900 15382
390000 15386
390100 15388
390200 15391
390300 15393
390400 15397
390500 15400
390600 15401
390700 15403
390800 15406
390900 15406
391000 15407
391100 15408
391200 15409
391300 15410
391400 15416
391500 15420
391600 15425
391700 15427
391800 15429
391900 15434
392000 15435
392100 15438
392200 15442
392300 15447
392400 15455
392500 15459
392600 15460
392700 15460
392800 15464
392900 15465
393000 15467
393100 15471
393200 15471
393300 15473
393400 15473
393500 15474
393600 15479
393700 15484
393800 15485
393900 15486
394000 15486
394100 15488
394200 15489
394300 15496
394400 15500
394500 15500
394600 15503
394700 15504
394800 15506
394900 15515
395000 15516
395100 15519
395200 15521
395300 15525
395400 15526
395500 15529
395600 15531
395700 15538
395800 15549
395900 15558
396000 15562
396100 15564
396200 15567
396300 15572
396400 15572
396500 15572
396600 15578
396700 15581
396800 15584
396900 15586
397000 15587
397100 15597
397200 15600
397300 15603
397400 15605
397500 15607
397600 15609
397700 15612
397800 15616
397900 15620
398000 15621
398100 15625
398200 15630
398300 15630
398400 15630
398500 15631
398600 15632
398700 15633
398800 15633
398900 15633
399000 15637
399100 15640
399200 15644
399300 15644
399400 15646
399500 15647
399600 15648
399700 15650
399800 15652
399900 15652
400000 15652
400100 15653
400200 15654
400300 15654
400400 15656
400500 15657
400600 15662
400700 15664
400800 15665
400900 15665
401000 15668
401100 15669
401200 15672
401300 15674
401400 15675
401500 15676
401600 15682
401700 15685
401800 15687
401900 15688
402000 15689
402100 15690
402200 15692
402300 15694
402400 15695
402500 15699
402600 15703
402700 15705
402800 15706
402900 15709
403000 15714
403100 15716
403200 15720
403300 15721
403400 15723
403500 15725
403600 15726
403700 15727
403800 15730
403900 15734
404000 15737
404100 15738
404200 15742
404300 15743
404400 15745
404500 15749
404600 15755
404700 15757
404800 15761
404900 15767
405000 15769
405100 15771
405200 15778
405300 15782
405400 15789
405500 15791
405600 15792
405700 15794
405800 15795
405900 15800
406000 15802
406100 15805
406200 15807
406300 15808
406400 15813
406500 15819
406600 15823
406700 15825
406800 15829
406900 15835
407000 15837
407100 15839
407200 15839
407300 15841
407400 15846
407500 15850
407600 15851
407700 15851
407800 15852
407900 15853
408000 15853
408100 15853
408200 15854
408300 15854
408400 15856
408500 15857
408600 15861
408700 15863
408800 15865
408900 15869
409000 15870
409100 15871
409200 15873
409300 15876
409400 15876
409500 15877
409600 15878
409700 15879
409800 15882
409900 15886
410000 15892
410100 15899
410200 15902
410300 15902
410400 15907
410500 15912
410600 15914
410700 15917
410800 15918
410900 15918
411000 15919
411100 15924
411200 15929
411300 15933
411400 15934
411500 15939
411600 15945
411700 15950
411800 15953
411900 15958
412000 15960
412100 15963
412200 15970
412300 15975
412400 15975
412500 15980
412600 15981
412700 15982
412800 15985
412900 15988
413000 15989
413100 15992
413200 15996
413300 15997
413400 15999
413500 16000
413600 16003
413700 16007
413800 16013
413900 16016
414000 16022
414100 16028
414200 16031
414300 16034
414400 16036
414500 16036
414600 16037
414700 16040
414800 16040
414900 16044
415000 16046
415100 16048
415200 16048
415300 16049
415400 16051
415500 16054
415600 16055
415700 16057
415800 16059
415900 16059
416000 16060
416100 16060
416200 16060
416300 16060
416400 16060
416500 16061
416600 16061
416700 16061
416800 16062
416900 16062
417000 16064
417100 16073
417200 16077
417300 16083
417400 16092
417500 16093
417600 16099
417700 16105
417800 16112
417900 16116
418000 16120
418100 16121
418200 16124
418300 16127
418400 16127
418500 16127
418600 16127
418700 16128
418800 16129
418900 16130
419000 16130
419100 16132
419200 16135
419300 16137
419400 16141
419500 16145
419600 16148
419700 16149
419800 16159
419900 16162
420000 16165
420100 16168
420200 16177
420300 16182
420400 16183
420500 16190
420600 16197
420700 16203
420800 16204
420900 16206
421000 16211
421100 16213
421200 16215
421300 16216
421400 16217
421500 16218
421600 16220
421700 16220
421800 16221
421900 16223
422000 16224
422100 16225
422200 16226
422300 16228
422400 16231
422500 16233
422600 16238
422700 16241
422800 16245
422900 16249
423000 16250
