100 67
200 135
300 195
400 247
500 294
600 336
700 383
800 423
900 460
1000 497
1100 526
1200 554
1300 592
1400 625
1500 653
1600 687
1700 709
1800 730
1900 756
2000 796
2100 827
2200 861
2300 890
2400 920
2500 950
2600 979
2700 1003
2800 1024
2900 1056
3000 1091
3100 1129
3200 1162
3300 1191
3400 1219
3500 1256
3600 1293
3700 1340
3800 1375
3900 1400
4000 1424
4100 1454
4200 1490
4300 1520
4400 1548
4500 1573
4600 1592
4700 1613
4800 1648
4900 1675
5000 1699
5100 1728
5200 1758
5300 1780
5400 1809
5500 1827
5600 1854
5700 1876
5800 1901
5900 1919
6000 1941
6100 1965
6200 1988
6300 2012
6400 2049
6500 2074
6600 2097
6700 2125
6800 2147
6900 2181
7000 2215
7100 2248
7200 2276
7300 2315
7400 2350
7500 2377
7600 2397
7700 2420
7800 2437
7900 2460
8000 2489
8100 2507
8200 2541
8300 2569
8400 2588
8500 2612
8600 2637
8700 2651
8800 2680
8900 2709
9000 2738
9100 2763
9200 2787
9300 2809
9400 2826
9500 2857
9600 2889
9700 2926
9800 2967
9900 2993
10000 3014
10100 3035
10200 3065
10300 3091
10400 3110
10500 3133
10600 3154
10700 3183
10800 3217
10900 3239
11000 3258
11100 3284
11200 3315
11300 3340
11400 3361
11500 3386
11600 3404
11700 3427
11800 3451
11900 3471
12000 3477
12100 3497
12200 3519
12300 3536
12400 3554
12500 3573
12600 3603
12700 3628
12800 3643
12900 3662
13000 3684
13100 3714
13200 3735
13300 3756
13400 3775
13500 3790
13600 3812
13700 3826
13800 3840
13900 3865
14000 3893
14100 3911
14200 3929
14300 3947
14400 3969
14500 3986
14600 4007
14700 4028
14800 4058
14900 4080
15000 4096
15100 4108
15200 4127
15300 4153
15400 4170
15500 4202
15600 4236
15700 4262
15800 4287
15900 4314
16000 4342
16100 4359
16200 4376
16300 4399
16400 4418
16500 4449
16600 4481
16700 4502
16800 4525
16900 4543
17000 4562
17100 4589
17200 4617
17300 4643
17400 4663
17500 4682
17600 4704
17700 4722
17800 4745
17900 4777
18000 4807
18100 4842
18200 4863
18300 4892
18400 4912
18500 4929
18600 4959
18700 4990
18800 5009
18900 5029
19000 5055
19100 5083
19200 5104
19300 5128
19400 5149
19500 5174
19600 5202
19700 5231
19800 5250
19900 5270
20000 5282
20100 5293
20200 5315
20300 5338
20400 5358
20500 5386
20600 5408
20700 5421
20800 5439
20900 5473
21000 5495
21100 5517
21200 5536
21300 5554
21400 5578
21500 5593
21600 5616
21700 5637
21800 5652
21900 5666
22000 5686
22100 5702
22200 5717
22300 5739
22400 5753
22500 5769
22600 5783
22700 5802
22800 5812
22900 5834
23000 5857
23100 5870
23200 5885
23300 5898
23400 5910
23500 5927
23600 5946
23700 5961
23800 5982
23900 5992
24000 5999
24100 6022
24200 6049
24300 6073
24400 6091
24500 6105
24600 6125
24700 6136
24800 6157
24900 6176
25000 6189
25100 6218
25200 6241
25300 6265
25400 6289
25500 6302
25600 6321
25700 6341
25800 6353
25900 6361
26000 6373
26100 6386
26200 6398
26300 6425
26400 6440
26500 6459
26600 6481
26700 6492
26800 6511
26900 6535
27000 6557
27100 6580
27200 6600
27300 6616
27400 6636
27500 6652
27600 6678
27700 6699
27800 6729
27900 6745
28000 6754
28100 6768
28200 6782
28300 6793
28400 6808
28500 6826
28600 6844
28700 6863
28800 6880
28900 6900
29000 6920
29100 6938
29200 6961
29300 6990
29400 7012
29500 7029
29600 7052
29700 7074
29800 7090
29900 7099
30000 7106
30100 7118
30200 7128
30300 7144
30400 7160
30500 7168
30600 7195
30700 7224
30800 7244
30900 7262
31000 7288
31100 7303
31200 7318
31300 7336
31400 7362
31500 7389
31600 7417
31700 7434
31800 7452
31900 7472
32000 7495
32100 7514
32200 7526
32300 7542
32400 7552
32500 7568
32600 7587
32700 7613
32800 7634
32900 7655
33000 7665
33100 7683
33200 7701
33300 7718
33400 7743
33500 7760
33600 7773
33700 7787
33800 7804
33900 7817
34000 7840
34100 7845
34200 7864
34300 7875
34400 7888
34500 7910
34600 7928
34700 7944
34800 7958
34900 7972
35000 7987
35100 8003
35200 8030
35300 8047
35400 8067
35500 8085
35600 8091
35700 8100
35800 8120
35900 8132
36000 8157
36100 8174
36200 8193
36300 8216
36400 8239
36500 8259
36600 8274
36700 8291
36800 8323
36900 8347
37000 8376
37100 8401
37200 8421
37300 8440
37400 8455
37500 8474
37600 8491
37700 8513
37800 8518
37900 8529
38000 8540
38100 8551
38200 8562
38300 8577
38400 8597
38500 8613
38600 8627
38700 8647
38800 8663
38900 8679
39000 8699
39100 8718
39200 8732
39300 8747
39400 8759
39500 8769
39600 8782
39700 8794
39800 8808
39900 8827
40000 8843
40100 8861
40200 8873
40300 8890
40400 8904
40500 8928
40600 8954
40700 8975
40800 8990
40900 8997
41000 9012
41100 9033
41200 9044
41300 9049
41400 9060
41500 9072
41600 9092
41700 9106
41800 9127
41900 9140
42000 9155
42100 9164
42200 9174
42300 9191
42400 9205
42500 9219
42600 9228
42700 9238
42800 9257
42900 9269
43000 9277
43100 9289
43200 9313
43300 9332
43400 9346
43500 9356
43600 9375
43700 9389
43800 9401
43900 9417
44000 9434
44100 9449
44200 9466
44300 9483
44400 9495
44500 9507
44600 9524
44700 9540
44800 9557
44900 9575
45000 9589
45100 9606
45200 9621
45300 9643
45400 9655
45500 9670
45600 9692
45700 9709
45800 9733
45900 9750
46000 9761
46100 9771
46200 9781
46300 9799
46400 9816
46500 9824
46600 9833
46700 9842
46800 9862
46900 9874
47000 9891
47100 9907
47200 9936
47300 9943
47400 9949
47500 9969
47600 9988
47700 10000
47800 10010
47900 10022
48000 10031
48100 10040
48200 10057
48300 10074
48400 10091
48500 10106
48600 10118
48700 10131
48800 10150
48900 10163
49000 10171
49100 10181
49200 10203
49300 10215
49400 10228
49500 10232
49600 10235
49700 10249
49800 10259
49900 10278
50000 10289
50100 10310
50200 10329
50300 10348
50400 10366
50500 10375
50600 10386
50700 10395
50800 10414
50900 10426
51000 10435
51100 10435
51200 10451
51300 10463
51400 10473
51500 10496
51600 10518
51700 10536
51800 10550
51900 10569
52000 10590
52100 10611
52200 10632
52300 10652
52400 10670
52500 10696
52600 10719
52700 10734
52800 10753
52900 10771
53000 10786
53100 10796
53200 10806
53300 10818
53400 10830
53500 10837
53600 10852
53700 10864
53800 10875
53900 10880
54000 10897
54100 10915
54200 10931
54300 10943
54400 10959
54500 10966
54600 10976
54700 10992
54800 11006
54900 11020
55000 11034
55100 11044
55200 11067
55300 11078
55400 11088
55500 11099
55600 11113
55700 11129
55800 11140
55900 11149
56000 11165
56100 11174
56200 11185
56300 11200
56400 11223
56500 11247
56600 11266
56700 11278
56800 11293
56900 11307
57000 11329
57100 11353
57200 11368
57300 11385
57400 11399
57500 11416
57600 11422
57700 11436
57800 11448
57900 11460
58000 11484
58100 11507
58200 11516
58300 11532
58400 11546
58500 11561
58600 11576
58700 11587
58800 11601
58900 11610
59000 11623
59100 11644
59200 11663
59300 11674
59400 11679
59500 11695
59600 11712
59700 11723
59800 11728
59900 11736
60000 11753
60100 11758
60200 11772
60300 11789
60400 11810
60500 11819
60600 11831
60700 11855
60800 11882
60900 11897
61000 11914
61100 11939
61200 11959
61300 11977
61400 11998
61500 12015
61600 12027
61700 12045
61800 12048
61900 12059
62000 12072
62100 12088
62200 12107
62300 12116
62400 12135
62500 12162
62600 12181
62700 12190
62800 12202
62900 12210
63000 12222
63100 12233
63200 12238
63300 12251
63400 12258
63500 12266
63600 12272
63700 12279
63800 12290
63900 12294
64000 12301
64100 12309
64200 12317
64300 12327
64400 12343
64500 12355
64600 12367
64700 12378
64800 12399
64900 12415
65000 12433
65100 12452
65200 12463
65300 12475
65400 12487
65500 12504
65600 12517
65700 12526
65800 12538
65900 12552
66000 12562
66100 12569
66200 12578
66300 12596
66400 12612
66500 12630
66600 12653
66700 12669
66800 12678
66900 12692
67000 12699
67100 12717
67200 12737
67300 12750
67400 12766
67500 12784
67600 12802
67700 12810
67800 12826
67900 12836
68000 12844
68100 12860
68200 12867
68300 12875
68400 12886
68500 12893
68600 12912
68700 12927
68800 12941
68900 12958
69000 12982
69100 12999
69200 13014
69300 13033
69400 13051
69500 13061
69600 13071
69700 13084
69800 13092
69900 13101
70000 13115
70100 13125
70200 13140
70300 13158
70400 13167
70500 13178
70600 13184
70700 13191
70800 13208
70900 13221
71000 13232
71100 13241
71200 13251
71300 13262
71400 13274
71500 13285
71600 13296
71700 13306
71800 13318
71900 13335
72000 13354
72100 13364
72200 13372
72300 13381
72400 13393
72500 13413
72600 13430
72700 13438
72800 13450
72900 13461
73000 13465
73100 13481
73200 13493
73300 13501
73400 13509
73500 13524
73600 13541
73700 13556
73800 13573
73900 13580
74000 13596
74100 13611
74200 13623
74300 13637
74400 13654
74500 13661
74600 13678
74700 13692
74800 13703
74900 13724
75000 13731
75100 13744
75200 13762
75300 13783
75400 13790
75500 13807
75600 13815
75700 13829
75800 13844
75900 13864
76000 13882
76100 13902
76200 13915
76300 13927
76400 13940
76500 13947
76600 13953
76700 13963
76800 13974
76900 13983
77000 13994
77100 14010
77200 14019
77300 14027
77400 14043
77500 14052
77600 14063
77700 14073
77800 14080
77900 14086
78000 14092
78100 14099
78200 14110
78300 14117
78400 14123
78500 14133
78600 14145
78700 14149
78800 14161
78900 14170
79000 14181
79100 14191
79200 14200
79300 14209
79400 14215
79500 14227
79600 14242
79700 14250
79800 14261
79900 14268
80000 14282
80100 14289
80200 14303
80300 14308
80400 14315
80500 14329
80600 14342
80700 14348
80800 14360
80900 14368
81000 14381
81100 14404
81200 14415
81300 14426
81400 14438
81500 14447
81600 14457
81700 14464
81800 14488
81900 14498
82000 14514
82100 14524
82200 14531
82300 14542
82400 14556
82500 14574
82600 14582
82700 14595
82800 14601
82900 14619
83000 14630
83100 14639
83200 14647
83300 14658
83400 14663
83500 14675
83600 14690
83700 14703
83800 14713
83900 14738
84000 14753
84100 14759
84200 14769
84300 14786
84400 14793
84500 14820
84600 14830
84700 14848
84800 14857
84900 14878
85000 14891
85100 14903
85200 14919
85300 14929
85400 14940
85500 14953
85600 14972
85700 14986
85800 14992
85900 15003
86000 15019
86100 15028
86200 15039
86300 15053
86400 15071
86500 15088
86600 15102
86700 15117
86800 15131
86900 15139
87000 15153
87100 15168
87200 15177
87300 15195
87400 15208
87500 15220
87600 15234
87700 15247
87800 15264
87900 15275
88000 15292
88100 15297
88200 15308
88300 15319
88400 15328
88500 15342
88600 15362
88700 15373
88800 15384
88900 15403
89000 15408
89100 15419
89200 15424
89300 15429
89400 15440
89500 15450
89600 15459
89700 15464
89800 15467
89900 15470
90000 15480
90100 15490
90200 15498
90300 15519
90400 15532
90500 15544
90600 15558
90700 15572
90800 15584
90900 15605
91000 15619
91100 15635
91200 15652
91300 15666
91400 15678
91500 15690
91600 15699
91700 15708
91800 15726
91900 15740
92000 15758
92100 15779
92200 15792
92300 15798
92400 15812
92500 15825
92600 15842
92700 15862
92800 15883
92900 15909
93000 15920
93100 15930
93200 15938
93300 15950
93400 15965
93500 15977
93600 15990
93700 16005
93800 16010
93900 16022
94000 16031
94100 16041
94200 16052
94300 16064
94400 16080
94500 16090
94600 16100
94700 16117
94800 16144
94900 16158
95000 16169
95100 16191
95200 16211
95300 16222
95400 16230
95500 16238
95600 16243
95700 16253
95800 16264
95900 16269
96000 16278
96100 16285
96200 16293
96300 16301
96400 16317
96500 16330
96600 16338
96700 16350
96800 16360
96900 16367
97000 16373
97100 16388
97200 16401
97300 16409
97400 16419
97500 16430
97600 16441
97700 16454
97800 16464
97900 16474
98000 16487
98100 16503
98200 16515
98300 16535
98400 16549
98500 16572
98600 16580
98700 16590
98800 16598
98900 16604
99000 16607
99100 16615
99200 16623
99300 16627
99400 16646
99500 16674
99600 16698
99700 16717
99800 16731
99900 16750
100000 16765
100100 16776
100200 16787
100300 16796
100400 16806
100500 16824
100600 16840
100700 16853
100800 16869
100900 16887
101000 16903
101100 16912
101200 16924
101300 16944
101400 16964
101500 16978
101600 16992
101700 16998
101800 17015
101900 17032
102000 17040
102100 17049
102200 17068
102300 17074
102400 17096
102500 17117
102600 17128
102700 17141
102800 17148
102900 17160
103000 17170
103100 17179
103200 17196
103300 17204
103400 17219
103500 17225
103600 17233
103700 17244
103800 17256
103900 17279
104000 17302
104100 17320
104200 17336
104300 17344
104400 17349
104500 17362
104600 17370
104700 17375
104800 17381
104900 17388
105000 17399
105100 17416
105200 17431
105300 17440
105400 17450
105500 17458
105600 17474
105700 17486
105800 17501
105900 17514
106000 17533
106100 17539
106200 17552
106300 17566
106400 17581
106500 17586
106600 17590
106700 17595
106800 17596
106900 17605
107000 17621
107100 17641
107200 17658
107300 17677
107400 17695
107500 17699
107600 17716
107700 17733
107800 17745
107900 17755
108000 17764
108100 17773
108200 17791
108300 17800
108400 17818
108500 17829
108600 17837
108700 17844
108800 17849
108900 17860
109000 17881
109100 17890
109200 17899
109300 17905
109400 17909
109500 17920
109600 17924
109700 17938
109800 17954
109900 17966
110000 17981
110100 17999
110200 18022
110300 18029
110400 18039
110500 18047
110600 18050
110700 18065
110800 18070
110900 18079
111000 18095
111100 18103
111200 18112
111300 18118
111400 18134
111500 18149
111600 18165
111700 18180
111800 18203
111900 18220
112000 18241
112100 18257
112200 18263
112300 18273
112400 18284
112500 18291
112600 18297
112700 18309
112800 18320
112900 18330
113000 18342
113100 18351
113200 18359
113300 18377
113400 18389
113500 18398
113600 18411
113700 18428
113800 18441
113900 18460
114000 18480
114100 18489
114200 18499
114300 18508
114400 18525
114500 18537
114600 18553
114700 18564
114800 18577
114900 18587
115000 18610
115100 18628
115200 18633
115300 18645
115400 18653
115500 18660
115600 18669
115700 18673
115800 18682
115900 18690
116000 18699
116100 18707
116200 18716
116300 18732
116400 18744
116500 18754
116600 18768
116700 18785
116800 18800
116900 18816
117000 18821
117100 18837
117200 18847
117300 18857
117400 18872
117500 18886
117600 18899
117700 18918
117800 18929
117900 18943
118000 18962
118100 18978
118200 18982
118300 18992
118400 19002
118500 19011
118600 19017
118700 19031
118800 19050
118900 19061
119000 19074
119100 19090
119200 19105
119300 19122
119400 19126
119500 19140
119600 19151
119700 19162
119800 19172
119900 19186
120000 19190
120100 19193
120200 19202
120300 19214
120400 19224
120500 19239
120600 19269
120700 19281
120800 19296
120900 19308
121000 19321
121100 19325
121200 19341
121300 19353
121400 19361
121500 19368
121600 19382
121700 19391
121800 19398
121900 19404
122000 19418
122100 19425
122200 19435
122300 19445
122400 19456
122500 19470
122600 19481
122700 19487
122800 19508
122900 19525
123000 19539
123100 19556
123200 19567
123300 19581
123400 19595
123500 19603
123600 19611
123700 19620
123800 19633
123900 19648
124000 19658
124100 19669
124200 19676
124300 19690
124400 19697
124500 19704
124600 19713
124700 19714
124800 19721
124900 19730
125000 19733
125100 19736
125200 19746
125300 19754
125400 19761
125500 19766
125600 19772
125700 19782
125800 19791
125900 19793
126000 19801
126100 19811
126200 19828
126300 19842
126400 19872
126500 19899
126600 19921
126700 19941
126800 19956
126900 19969
127000 19981
127100 19994
127200 19996
127300 20007
127400 20011
127500 20019
127600 20035
127700 20054
127800 20063
127900 20075
128000 20090
128100 20104
128200 20115
128300 20137
128400 20157
128500 20176
128600 20185
128700 20196
128800 20204
128900 20215
129000 20226
129100 20233
129200 20244
129300 20251
129400 20263
129500 20272
129600 20283
129700 20291
129800 20307
129900 20318
130000 20331
130100 20346
130200 20357
130300 20368
130400 20374
130500 20379
130600 20392
130700 20407
130800 20419
130900 20443
131000 20457
131100 20467
131200 20486
131300 20497
131400 20511
131500 20528
131600 20542
131700 20555
131800 20569
131900 20582
132000 20606
132100 20617
132200 20633
132300 20646
132400 20662
132500 20670
132600 20678
132700 20693
132800 20707
132900 20716
133000 20729
133100 20741
133200 20759
133300 20772
133400 20778
133500 20794
133600 20804
133700 20810
133800 20818
133900 20831
134000 20842
134100 20851
134200 20856
134300 20860
134400 20871
134500 20882
134600 20894
134700 20901
134800 20910
134900 20919
135000 20928
135100 20938
135200 20949
135300 20963
135400 20971
135500 20975
135600 20991
135700 21005
135800 21017
135900 21037
136000 21058
136100 21071
136200 21084
136300 21097
136400 21113
136500 21123
136600 21130
136700 21136
136800 21143
136900 21150
137000 21158
137100 21167
137200 21177
137300 21193
137400 21202
137500 21217
137600 21228
137700 21241
137800 21254
137900 21264
138000 21275
138100 21294
138200 21299
138300 21310
138400 21320
138500 21327
138600 21339
138700 21342
138800 21358
138900 21373
139000 21386
139100 21405
139200 21422
139300 21434
139400 21445
139500 21455
139600 21475
139700 21488
139800 21500
139900 21508
140000 21514
140100 21524
140200 21537
140300 21550
140400 21567
140500 21579
140600 21598
140700 21610
140800 21632
140900 21648
141000 21650
141100 21664
141200 21674
141300 21686
141400 21701
141500 21708
141600 21720
141700 21736
141800 21751
141900 21765
142000 21783
142100 21788
142200 21799
142300 21809
142400 21814
142500 21828
142600 21836
142700 21848
142800 21860
142900 21869
143000 21884
143100 21892
143200 21896
143300 21899
143400 21903
143500 21908
143600 21917
143700 21919
143800 21921
143900 21933
144000 21949
144100 21957
144200 21962
144300 21966
144400 21975
144500 21980
144600 21983
144700 21986
144800 21998
144900 22004
145000 22009
145100 22016
145200 22025
145300 22036
145400 22041
145500 22050
145600 22056
145700 22068
145800 22077
145900 22087
146000 22094
146100 22100
146200 22105
146300 22114
146400 22129
146500 22142
146600 22149
146700 22162
146800 22176
146900 22182
147000 22188
147100 22194
147200 22210
147300 22218
147400 22224
147500 22230
147600 22240
147700 22250
147800 22260
147900 22268
148000 22278
148100 22287
148200 22306
148300 22322
148400 22330
148500 22332
148600 22343
148700 22358
148800 22369
148900 22376
149000 22391
149100 22391
149200 22398
149300 22404
149400 22413
149500 22422
149600 22424
149700 22426
149800 22430
149900 22438
150000 22452
150100 22462
150200 22478
150300 22489
150400 22510
150500 22526
150600 22534
150700 22548
150800 22561
150900 22575
151000 22583
151100 22597
151200 22606
151300 22612
151400 22615
151500 22615
151600 22621
151700 22636
151800 22639
151900 22650
152000 22661
152100 22670
152200 22683
152300 22692
152400 22707
152500 22712
152600 22728
152700 22740
152800 22753
152900 22762
153000 22773
153100 22790
153200 22793
153300 22810
153400 22816
153500 22822
153600 22827
153700 22840
153800 22843
153900 22854
154000 22867
154100 22880
154200 22887
154300 22899
154400 22908
154500 22918
154600 22931
154700 22936
154800 22945
154900 22952
155000 22956
155100 22959
155200 22963
155300 22969
155400 22975
155500 22983
155600 22994
155700 23002
155800 23007
155900 23014
156000 23019
156100 23026
156200 23036
156300 23049
156400 23062
156500 23070
156600 23090
156700 23115
156800 23137
156900 23151
157000 23164
157100 23175
157200 23184
157300 23194
157400 23207
157500 23218
157600 23227
157700 23234
157800 23240
157900 23247
158000 23251
158100 23263
158200 23278
158300 23290
158400 23297
158500 23305
158600 23316
158700 23329
158800 23339
158900 23350
159000 23354
159100 23359
159200 23366
159300 23374
159400 23398
159500 23416
159600 23425
159700 23437
159800 23446
159900 23456
160000 23465
160100 23477
160200 23486
160300 23488
160400 23494
160500 23509
160600 23520
160700 23530
160800 23541
160900 23553
161000 23563
161100 23571
161200 23580
161300 23598
161400 23613
161500 23624
161600 23631
161700 23643
161800 23651
161900 23658
162000 23667
162100 23671
162200 23680
162300 23689
162400 23696
162500 23709
162600 23725
162700 23741
162800 23756
162900 23770
163000 23783
163100 23794
163200 23802
163300 23813
163400 23822
163500 23833
163600 23843
163700 23847
163800 23855
163900 23865
164000 23872
164100 23876
164200 23883
164300 23890
164400 23897
164500 23910
164600 23920
164700 23932
164800 23947
164900 23956
165000 23959
165100 23975
165200 23996
165300 24005
165400 24018
165500 24022
165600 24028
165700 24035
165800 24045
165900 24054
166000 24062
166100 24072
166200 24086
166300 24098
166400 24104
166500 24116
166600 24123
166700 24130
166800 24137
166900 24152
167000 24165
167100 24175
167200 24186
167300 24193
167400 24206
167500 24213
167600 24228
167700 24239
167800 24243
167900 24245
168000 24258
168100 24265
168200 24268
168300 24280
168400 24290
168500 24295
168600 24302
168700 24311
168800 24319
168900 24327
169000 24337
169100 24349
169200 24357
169300 24366
169400 24373
169500 24380
169600 24399
169700 24408
169800 24418
169900 24429
170000 24438
170100 24445
170200 24459
170300 24471
170400 24482
170500 24488
170600 24494
170700 24502
170800 24511
170900 24522
171000 24529
171100 24532
171200 24541
171300 24543
171400 24549
171500 24554
171600 24565
171700 24579
171800 24584
171900 24597
172000 24608
172100 24616
172200 24628
172300 24632
172400 24640
172500 24653
172600 24665
172700 24671
172800 24676
172900 24683
173000 24691
173100 24701
173200 24714
173300 24723
173400 24733
173500 24751
173600 24759
173700 24776
173800 24788
173900 24794
174000 24803
174100 24810
174200 24825
174300 24837
174400 24846
174500 24856
174600 24870
174700 24872
174800 24891
174900 24913
175000 24929
175100 24948
175200 24958
175300 24979
175400 25000
175500 25011
175600 25022
175700 25033
175800 25048
175900 25056
176000 25072
176100 25088
176200 25097
176300 25107
176400 25118
176500 25131
176600 25139
176700 25150
176800 25166
176900 25171
177000 25182
177100 25196
177200 25204
177300 25213
177400 25228
177500 25241
177600 25260
177700 25268
177800 25277
177900 25287
178000 25296
178100 25308
178200 25314
178300 25321
178400 25327
178500 25335
178600 25341
178700 25351
178800 25358
178900 25375
179000 25382
179100 25391
179200 25397
179300 25407
179400 25418
179500 25426
179600 25439
179700 25449
179800 25454
179900 25463
180000 25475
180100 25483
180200 25493
180300 25502
180400 25510
180500 25515
180600 25525
180700 25536
180800 25539
180900 25546
181000 25553
181100 25568
181200 25585
181300 25600
181400 25614
181500 25622
181600 25637
181700 25649
181800 25658
181900 25670
182000 25677
182100 25691
182200 25707
182300 25711
182400 25718
182500 25724
182600 25737
182700 25745
182800 25750
182900 25761
183000 25774
183100 25782
183200 25787
183300 25797
183400 25809
183500 25826
183600 25843
183700 25851
183800 25857
183900 25864
184000 25868
184100 25884
184200 25897
184300 25907
184400 25917
184500 25922
184600 25934
184700 25942
184800 25952
184900 25958
185000 25965
185100 25973
185200 25982
185300 25988
185400 25997
185500 26008
185600 26012
185700 26019
185800 26028
185900 26039
186000 26041
186100 26049
186200 26062
186300 26073
186400 26084
186500 26094
186600 26104
186700 26115
186800 26121
186900 26124
187000 26132
187100 26138
187200 26143
187300 26147
187400 26151
187500 26157
187600 26160
187700 26166
187800 26183
187900 26192
188000 26199
188100 26209
188200 26217
188300 26220
188400 26229
188500 26256
188600 26276
188700 26293
188800 26299
188900 26306
189000 26313
189100 26326
189200 26336
189300 26350
189400 26356
189500 26361
189600 26370
189700 26371
189800 26389
189900 26392
190000 26397
190100 26411
190200 26418
190300 26426
190400 26435
190500 26451
190600 26465
190700 26476
190800 26493
190900 26504
191000 26519
191100 26523
191200 26529
191300 26534
191400 26544
191500 26560
191600 26571
191700 26579
191800 26586
191900 26593
192000 26602
192100 26615
192200 26625
192300 26633
192400 26638
192500 26649
192600 26658
192700 26667
192800 26676
192900 26689
193000 26691
193100 26701
193200 26707
193300 26718
193400 26729
193500 26735
193600 26749
193700 26761
193800 26766
193900 26771
194000 26783
194100 26786
194200 26794
194300 26800
194400 26805
194500 26817
194600 26820
194700 26827
194800 26832
194900 26836
195000 26843
195100 26848
195200 26856
195300 26865
195400 26879
195500 26890
195600 26904
195700 26913
195800 26922
195900 26930
196000 26941
196100 26952
196200 26959
196300 26974
196400 26987
196500 26993
196600 27008
196700 27021
196800 27029
196900 27043
197000 27048
197100 27055
197200 27066
197300 27074
197400 27085
197500 27091
197600 27100
197700 27113
197800 27121
197900 27123
198000 27130
198100 27139
198200 27147
198300 27158
198400 27167
198500 27177
198600 27183
198700 27191
198800 27201
198900 27208
199000 27213
199100 27230
199200 27238
199300 27250
199400 27259
199500 27265
199600 27273
199700 27283
199800 27289
199900 27294
200000 27306
200100 27319
200200 27326
200300 27335
200400 27353
200500 27365
200600 27381
200700 27395
200800 27408
200900 27415
201000 27418
201100 27423
201200 27437
201300 27445
201400 27456
201500 27463
201600 27471
201700 27484
201800 27492
201900 27501
202000 27513
202100 27524
202200 27533
202300 27541
202400 27547
202500 27555
202600 27563
202700 27573
202800 27586
202900 27595
203000 27605
203100 27616
203200 27631
203300 27647
203400 27656
203500 27665
203600 27675
203700 27686
203800 27695
203900 27698
204000 27705
204100 27715
204200 27721
204300 27730
204400 27738
204500 27745
204600 27756
204700 27763
204800 27771
204900 27776
205000 27787
205100 27795
205200 27803
205300 27819
205400 27829
205500 27838
205600 27850
205700 27867
205800 27884
205900 27902
206000 27908
206100 27914
206200 27917
206300 27927
206400 27941
206500 27950
206600 27963
206700 27972
206800 27988
206900 27999
207000 28017
207100 28027
207200 28030
207300 28039
207400 28046
207500 28057
207600 28065
207700 28069
207800 28072
207900 28079
208000 28084
208100 28098
208200 28114
208300 28135
208400 28150
208500 28173
208600 28210
208700 28241
208800 28263
208900 28281
209000 28288
209100 28303
209200 28309
209300 28313
209400 28316
209500 28325
209600 28338
209700 28345
209800 28349
209900 28361
210000 28378
210100 28385
210200 28397
210300 28405
210400 28412
210500 28420
210600 28427
210700 28432
210800 28438
210900 28447
211000 28455
211100 28463
211200 28472
211300 28480
211400 28491
211500 28504
211600 28522
211700 28538
211800 28549
211900 28570
212000 28579
212100 28591
212200 28606
212300 28615
212400 28624
212500 28633
212600 28642
212700 28648
212800 28649
212900 28661
213000 28666
213100 28674
213200 28680
213300 28685
213400 28689
213500 28696
213600 28716
213700 28724
213800 28731
213900 28741
214000 28756
214100 28761
214200 28768
214300 28776
214400 28791
214500 28798
214600 28810
214700 28817
214800 28823
214900 28832
215000 28841
215100 28847
215200 28858
215300 28867
215400 28874
215500 28880
215600 28885
215700 28893
215800 28899
215900 28912
216000 28921
216100 28935
216200 28943
216300 28956
216400 28962
216500 28968
216600 28980
216700 28987
216800 28993
216900 28997
217000 29009
217100 29014
217200 29025
217300 29036
217400 29048
217500 29053
217600 29063
217700 29074
217800 29085
217900 29092
218000 29101
218100 29110
218200 29120
218300 29127
218400 29129
218500 29134
218600 29142
218700 29151
218800 29158
218900 29165
219000 29174
219100 29181
219200 29192
219300 29202
219400 29210
219500 29217
219600 29225
219700 29237
219800 29250
219900 29266
220000 29272
220100 29282
220200 29289
220300 29297
220400 29301
220500 29308
220600 29319
220700 29330
220800 29337
220900 29345
221000 29350
221100 29360
221200 29364
221300 29368
221400 29371
221500 29376
221600 29394
221700 29418
221800 29434
221900 29452
222000 29475
222100 29485
222200 29494
222300 29503
222400 29513
222500 29518
222600 29534
222700 29543
222800 29549
222900 29564
223000 29575
223100 29586
223200 29601
223300 29613
223400 29623
223500 29626
223600 29635
223700 29642
223800 29649
223900 29660
224000 29679
224100 29689
224200 29702
224300 29721
224400 29732
224500 29740
224600 29744
224700 29759
224800 29767
224900 29773
225000 29782
225100 29795
225200 29803
225300 29809
225400 29815
225500 29824
225600 29835
225700 29839
225800 29844
225900 29848
226000 29855
226100 29866
226200 29871
226300 29875
226400 29880
226500 29888
226600 29905
226700 29915
226800 29925
226900 29938
227000 29947
227100 29955
227200 29962
227300 29975
227400 29989
227500 30002
227600 30010
227700 30023
227800 30040
227900 30052
228000 30059
228100 30065
228200 30068
228300 30079
228400 30088
228500 30105
228600 30123
228700 30139
228800 30154
228900 30166
229000 30181
229100 30191
229200 30201
229300 30204
229400 30210
229500 30218
229600 30219
229700 30231
229800 30245
229900 30255
230000 30273
230100 30282
230200 30298
230300 30306
230400 30310
230500 30315
230600 30323
230700 30328
230800 30336
230900 30343
231000 30349
231100 30351
231200 30363
231300 30372
231400 30379
231500 30384
231600 30390
231700 30402
231800 30410
231900 30424
232000 30433
232100 30443
232200 30462
232300 30472
232400 30484
232500 30489
232600 30496
232700 30501
232800 30510
232900 30516
233000 30525
233100 30539
233200 30547
233300 30553
233400 30571
233500 30578
233600 30586
233700 30597
233800 30605
233900 30614
234000 30630
234100 30639
234200 30653
234300 30668
234400 30680
234500 30701
234600 30716
234700 30729
234800 30739
234900 30745
235000 30759
235100 30774
235200 30784
235300 30788
235400 30797
235500 30812
235600 30823
235700 30836
235800 30846
235900 30858
236000 30870
236100 30878
236200 30890
236300 30897
236400 30908
236500 30925
236600 30933
236700 30943
236800 30959
236900 30970
237000 30989
237100 31007
237200 31025
237300 31031
237400 31038
237500 31052
237600 31056
237700 31073
237800 31080
237900 31092
238000 31099
238100 31106
238200 31109
238300 31118
238400 31127
238500 31135
238600 31140
238700 31158
238800 31168
238900 31174
239000 31182
239100 31189
239200 31192
239300 31201
239400 31209
239500 31212
239600 31215
239700 31227
239800 31237
239900 31248
240000 31259
240100 31271
240200 31282
240300 31290
240400 31302
240500 31302
240600 31306
240700 31317
240800 31323
240900 31330
241000 31338
241100 31349
241200 31359
241300 31362
241400 31366
241500 31379
241600 31385
241700 31408
241800 31421
241900 31437
242000 31448
242100 31460
242200 31473
242300 31483
242400 31496
242500 31510
242600 31519
242700 31537
242800 31544
242900 31549
243000 31556
243100 31560
243200 31573
243300 31584
243400 31596
243500 31601
243600 31608
243700 31624
243800 31633
243900 31650
244000 31661
244100 31667
244200 31677
244300 31690
244400 31706
244500 31716
244600 31728
244700 31738
244800 31739
244900 31745
245000 31752
245100 31759
245200 31766
245300 31776
245400 31790
245500 31795
245600 31808
245700 31822
245800 31833
245900 31838
246000 31840
246100 31846
246200 31850
246300 31861
246400 31869
246500 31874
246600 31876
246700 31881
246800 31890
246900 31895
247000 31899
247100 31906
247200 31911
247300 31921
247400 31924
247500 31927
247600 31932
247700 31945
247800 31951
247900 31956
248000 31964
248100 31977
248200 31989
248300 31999
248400 32006
248500 32020
248600 32029
248700 32041
248800 32054
248900 32072
249000 32079
249100 32084
249200 32093
249300 32099
249400 32106
249500 32114
249600 32120
249700 32134
249800 32144
249900 32153
250000 32154
250100 32165
250200 32167
250300 32172
250400 32177
250500 32180
250600 32184
250700 32195
250800 32198
250900 32206
251000 32220
251100 32231
251200 32246
251300 32259
251400 32273
251500 32292
251600 32303
251700 32312
251800 32327
251900 32336
252000 32340
252100 32349
252200 32363
252300 32366
252400 32369
252500 32378
252600 32393
252700 32398
252800 32407
252900 32416
253000 32423
253100 32430
253200 32435
253300 32439
253400 32446
253500 32454
253600 32457
253700 32463
253800 32471
253900 32483
254000 32501
254100 32518
254200 32531
254300 32543
254400 32553
254500 32561
254600 32565
254700 32574
254800 32583
254900 32589
255000 32594
255100 32600
255200 32604
255300 32614
255400 32626
255500 32639
255600 32643
255700 32655
255800 32666
255900 32682
256000 32699
256100 32713
256200 32723
256300 32735
256400 32749
256500 32753
256600 32759
256700 32768
256800 32773
256900 32779
257000 32785
257100 32786
257200 32799
257300 32805
257400 32815
257500 32827
257600 32833
257700 32841
257800 32851
257900 32861
258000 32873
258100 32887
258200 32901
258300 32908
258400 32921
258500 32936
258600 32947
258700 32954
258800 32963
258900 32973
259000 32978
259100 32986
259200 32989
259300 33003
259400 33010
259500 33022
259600 33025
259700 33029
259800 33035
259900 33039
260000 33049
