100 57
200 104
300 143
400 184
500 220
600 257
700 295
800 327
900 359
1000 396
1100 423
1200 453
1300 467
1400 485
1500 507
1600 530
1700 549
1800 567
1900 588
2000 605
2100 625
2200 643
2300 652
2400 665
2500 684
2600 711
2700 740
2800 761
2900 788
3000 807
3100 831
3200 849
3300 869
3400 891
3500 915
3600 933
3700 951
3800 974
3900 989
4000 1005
4100 1022
4200 1042
4300 1062
4400 1080
4500 1105
4600 1129
4700 1152
4800 1179
4900 1196
5000 1214
5100 1236
5200 1251
5300 1272
5400 1288
5500 1298
5600 1313
5700 1331
5800 1347
5900 1358
6000 1384
6100 1409
6200 1429
6300 1444
6400 1459
6500 1479
6600 1491
6700 1502
6800 1512
6900 1537
7000 1553
7100 1577
7200 1596
7300 1622
7400 1642
7500 1654
7600 1662
7700 1672
7800 1680
7900 1702
8000 1716
8100 1732
8200 1740
8300 1753
8400 1777
8500 1794
8600 1818
8700 1828
8800 1854
8900 1872
9000 1894
9100 1910
9200 1914
9300 1924
9400 1937
9500 1949
9600 1960
9700 1972
9800 1983
9900 1991
10000 2005
10100 2017
10200 2031
10300 2057
10400 2072
10500 2079
10600 2094
10700 2106
10800 2118
10900 2129
11000 2134
11100 2148
11200 2158
11300 2168
11400 2190
11500 2209
11600 2229
11700 2246
11800 2258
11900 2281
12000 2294
12100 2312
12200 2333
12300 2346
12400 2358
12500 2381
12600 2398
12700 2421
12800 2433
12900 2438
13000 2455
13100 2463
13200 2474
13300 2484
13400 2495
13500 2512
13600 2525
13700 2538
13800 2545
13900 2553
14000 2559
14100 2566
14200 2579
14300 2592
14400 2599
14500 2606
14600 2619
14700 2632
14800 2639
14900 2649
15000 2658
15100 2670
15200 2676
15300 2683
15400 2697
15500 2703
15600 2718
15700 2731
15800 2740
15900 2758
16000 2778
16100 2790
16200 2807
16300 2813
16400 2817
16500 2830
16600 2843
16700 2857
16800 2874
16900 2890
17000 2901
17100 2907
17200 2912
17300 2920
17400 2933
17500 2940
17600 2955
17700 2966
17800 2978
17900 2998
18000 3015
18100 3024
18200 3036
18300 3051
18400 3060
18500 3069
18600 3085
18700 3102
18800 3115
18900 3122
19000 3134
19100 3154
19200 3166
19300 3184
19400 3195
19500 3214
19600 3226
19700 3243
19800 3262
19900 3270
20000 3286
20100 3296
20200 3304
20300 3316
20400 3323
20500 3332
20600 3339
20700 3353
20800 3360
20900 3369
21000 3383
21100 3396
21200 3413
21300 3430
21400 3446
21500 3462
21600 3478
21700 3488
21800 3497
21900 3506
22000 3512
22100 3519
22200 3525
22300 3537
22400 3550
22500 3561
22600 3571
22700 3582
22800 3590
22900 3594
23000 3606
23100 3618
23200 3628
23300 3636
23400 3652
23500 3659
23600 3668
23700 3675
23800 3683
23900 3689
24000 3702
24100 3711
24200 3720
24300 3726
24400 3733
24500 3745
24600 3750
24700 3771
24800 3784
24900 3797
25000 3810
25100 3826
25200 3837
25300 3847
25400 3860
25500 3868
25600 3871
25700 3876
25800 3884
25900 3907
26000 3926
26100 3950
26200 3974
26300 3988
26400 4000
26500 4012
26600 4023
26700 4046
26800 4062
26900 4078
27000 4084
27100 4088
27200 4103
27300 4116
27400 4130
27500 4139
27600 4156
27700 4163
27800 4170
27900 4185
28000 4192
28100 4198
28200 4204
28300 4209
28400 4213
28500 4213
28600 4222
28700 4227
28800 4234
28900 4251
29000 4258
29100 4265
29200 4272
29300 4282
29400 4292
29500 4300
29600 4316
29700 4326
29800 4329
29900 4337
30000 4349
30100 4352
30200 4361
30300 4382
30400 4391
30500 4404
30600 4413
30700 4422
30800 4429
30900 4434
31000 4443
31100 4456
31200 4468
31300 4486
31400 4497
31500 4512
31600 4517
31700 4527
31800 4536
31900 4546
32000 4554
32100 4565
32200 4572
32300 4577
32400 4582
32500 4594
32600 4604
32700 4612
32800 4617
32900 4623
33000 4626
33100 4639
33200 4646
33300 4660
33400 4669
33500 4674
33600 4681
33700 4691
33800 4702
33900 4705
34000 4712
34100 4727
34200 4736
34300 4746
34400 4755
34500 4761
34600 4767
34700 4775
34800 4782
34900 4792
35000 4796
35100 4802
35200 4805
35300 4808
35400 4818
35500 4833
35600 4836
35700 4844
35800 4850
35900 4867
36000 4878
36100 4892
36200 4899
36300 4907
36400 4915
36500 4926
36600 4935
36700 4943
36800 4956
36900 4962
37000 4973
37100 4979
37200 4990
37300 5006
37400 5015
37500 5024
37600 5035
37700 5046
37800 5059
37900 5067
38000 5072
38100 5075
38200 5078
38300 5081
38400 5086
38500 5098
38600 5103
38700 5113
38800 5124
38900 5133
39000 5140
39100 5150
39200 5157
39300 5165
39400 5177
39500 5188
39600 5195
39700 5201
39800 5202
39900 5210
40000 5217
40100 5226
40200 5229
40300 5241
40400 5250
40500 5253
40600 5257
40700 5262
40800 5270
40900 5274
41000 5280
41100 5292
41200 5303
41300 5311
41400 5315
41500 5324
41600 5331
41700 5343
41800 5348
41900 5352
42000 5359
42100 5365
42200 5368
42300 5372
42400 5377
42500 5380
42600 5387
42700 5395
42800 5402
42900 5410
43000 5415
43100 5431
43200 5443
43300 5454
43400 5463
43500 5470
43600 5482
43700 5489
43800 5494
43900 5499
44000 5508
44100 5512
44200 5518
44300 5528
44400 5533
44500 5543
44600 5553
44700 5563
44800 5573
44900 5588
45000 5601
45100 5612
45200 5623
45300 5624
45400 5628
45500 5642
45600 5649
45700 5661
45800 5672
45900 5690
46000 5701
46100 5714
46200 5725
46300 5735
46400 5742
46500 5752
46600 5769
46700 5781
46800 5789
46900 5793
47000 5803
47100 5811
47200 5821
47300 5831
47400 5842
47500 5847
47600 5852
47700 5860
47800 5864
47900 5875
48000 5887
48100 5897
48200 5904
48300 5916
48400 5925
48500 5935
48600 5949
48700 5959
48800 5966
48900 5976
49000 5980
49100 5988
49200 5996
49300 6006
49400 6011
49500 6021
49600 6025
49700 6035
49800 6046
49900 6056
50000 6059
50100 6070
50200 6071
50300 6081
50400 6093
50500 6097
50600 6109
50700 6119
50800 6132
50900 6146
51000 6155
51100 6167
51200 6177
51300 6187
51400 6194
51500 6198
51600 6203
51700 6212
51800 6217
51900 6221
52000 6226
52100 6229
52200 6235
52300 6243
52400 6250
52500 6253
52600 6263
52700 6267
52800 6280
52900 6287
53000 6292
53100 6302
53200 6307
53300 6327
53400 6335
53500 6344
53600 6351
53700 6356
53800 6362
53900 6369
54000 6377
54100 6380
54200 6385
54300 6393
54400 6396
54500 6406
54600 6413
54700 6418
54800 6420
54900 6427
55000 6432
55100 6442
55200 6446
55300 6453
55400 6461
55500 6467
55600 6474
55700 6480
55800 6494
55900 6504
56000 6513
56100 6523
56200 6528
56300 6532
56400 6538
56500 6555
56600 6578
56700 6586
56800 6600
56900 6610
57000 6619
57100 6630
57200 6645
57300 6653
57400 6665
57500 6674
57600 6680
57700 6683
57800 6690
57900 6697
58000 6708
58100 6718
58200 6725
58300 6734
58400 6740
58500 6746
58600 6750
58700 6755
58800 6760
58900 6767
59000 6772
59100 6787
59200 6790
59300 6796
59400 6800
59500 6807
59600 6812
59700 6820
59800 6825
59900 6831
60000 6837
60100 6840
60200 6846
60300 6851
60400 6856
60500 6862
60600 6866
60700 6873
60800 6875
60900 6880
61000 6885
61100 6893
61200 6903
61300 6907
61400 6914
61500 6916
61600 6924
61700 6931
61800 6937
61900 6944
62000 6950
62100 6954
62200 6962
62300 6967
62400 6971
62500 6985
62600 6992
62700 7003
62800 7008
62900 7019
63000 7026
63100 7030
63200 7037
63300 7040
63400 7048
63500 7049
63600 7056
63700 7063
63800 7066
63900 7070
64000 7075
64100 7081
64200 7089
64300 7096
64400 7104
64500 7112
64600 7119
64700 7119
64800 7130
64900 7140
65000 7142
65100 7148
65200 7159
65300 7164
65400 7169
65500 7171
65600 7175
65700 7181
65800 7188
65900 7198
66000 7200
66100 7210
66200 7218
66300 7227
66400 7240
66500 7246
66600 7263
66700 7265
66800 7265
66900 7273
67000 7280
67100 7284
67200 7286
67300 7295
67400 7299
67500 7302
67600 7306
67700 7313
67800 7325
67900 7333
68000 7338
68100 7347
68200 7351
68300 7365
68400 7372
68500 7386
68600 7392
68700 7404
68800 7411
68900 7419
69000 7425
69100 7432
69200 7436
69300 7446
69400 7453
69500 7458
69600 7471
69700 7478
69800 7487
69900 7492
70000 7503
70100 7504
70200 7511
70300 7522
70400 7527
70500 7536
70600 7544
70700 7554
70800 7558
70900 7566
71000 7573
71100 7578
71200 7580
71300 7584
71400 7589
71500 7594
71600 7600
71700 7605
71800 7614
71900 7626
72000 7633
72100 7636
72200 7643
72300 7646
72400 7659
72500 7675
72600 7684
72700 7695
72800 7700
72900 7710
73000 7718
73100 7725
73200 7731
73300 7737
73400 7747
73500 7759
73600 7769
73700 7780
73800 7788
73900 7792
74000 7798
74100 7806
74200 7818
74300 7825
74400 7835
74500 7846
74600 7853
74700 7859
74800 7869
74900 7878
75000 7881
75100 7887
75200 7891
75300 7894
75400 7900
75500 7907
75600 7916
75700 7923
75800 7932
75900 7942
76000 7951
76100 7964
76200 7970
76300 7978
76400 7981
76500 7986
76600 7992
76700 7996
76800 8002
76900 8009
77000 8019
77100 8021
77200 8029
77300 8039
77400 8048
77500 8054
77600 8058
77700 8066
77800 8069
77900 8071
78000 8075
78100 8083
78200 8088
78300 8094
78400 8101
78500 8105
78600 8109
78700 8112
78800 8116
78900 8119
79000 8125
79100 8133
79200 8141
79300 8143
79400 8156
79500 8159
79600 8168
79700 8175
79800 8183
79900 8191
80000 8194
80100 8202
80200 8208
80300 8216
80400 8227
80500 8228
80600 8233
80700 8238
80800 8248
80900 8252
81000 8258
81100 8263
81200 8273
81300 8276
81400 8281
81500 8292
81600 8304
81700 8315
81800 8325
81900 8329
82000 8339
82100 8343
82200 8353
82300 8357
82400 8361
82500 8368
82600 8374
82700 8381
82800 8389
82900 8395
83000 8398
83100 8409
83200 8418
83300 8423
83400 8428
83500 8431
83600 8437
83700 8441
83800 8445
83900 8458
84000 8464
84100 8473
84200 8479
84300 8489
84400 8496
84500 8498
84600 8507
84700 8513
84800 8521
84900 8525
85000 8531
85100 8533
85200 8540
85300 8551
85400 8561
85500 8570
85600 8573
85700 8590
85800 8595
85900 8605
86000 8612
86100 8613
86200 8617
86300 8622
86400 8629
86500 8637
86600 8644
86700 8650
86800 8655
86900 8665
87000 8674
87100 8681
87200 8681
87300 8687
87400 8696
87500 8705
87600 8721
87700 8729
87800 8740
87900 8744
88000 8749
88100 8752
88200 8763
88300 8768
88400 8771
88500 8772
88600 8777
88700 8788
88800 8798
88900 8807
89000 8814
89100 8820
89200 8828
89300 8839
89400 8851
89500 8861
89600 8868
89700 8874
89800 8878
89900 8885
90000 8890
90100 8894
90200 8904
90300 8907
90400 8917
90500 8923
90600 8930
90700 8933
90800 8936
90900 8940
91000 8942
91100 8946
91200 8947
91300 8959
91400 8963
91500 8969
91600 8976
91700 8982
91800 8987
91900 8994
92000 9001
92100 9002
92200 9006
92300 9012
92400 9024
92500 9033
92600 9037
92700 9049
92800 9053
92900 9060
93000 9065
93100 9069
93200 9073
93300 9075
93400 9080
93500 9089
93600 9097
93700 9104
93800 9111
93900 9115
94000 9119
94100 9134
94200 9138
94300 9145
94400 9151
94500 9154
94600 9166
94700 9180
94800 9191
94900 9197
95000 9201
95100 9210
95200 9215
95300 9216
95400 9217
95500 9219
95600 9231
95700 9240
95800 9251
95900 9258
96000 9268
96100 9280
96200 9289
96300 9298
96400 9307
96500 9313
96600 9326
96700 9334
96800 9338
96900 9344
97000 9353
97100 9357
97200 9360
97300 9366
97400 9378
97500 9382
97600 9395
97700 9401
97800 9409
97900 9415
98000 9423
98100 9430
98200 9434
98300 9444
98400 9447
98500 9453
98600 9460
98700 9465
98800 9470
98900 9474
99000 9479
99100 9480
99200 9484
99300 9487
99400 9491
99500 9496
99600 9501
99700 9508
99800 9516
99900 9519
100000 9529
100100 9534
100200 9540
100300 9543
100400 9551
100500 9556
100600 9560
100700 9562
100800 9566
100900 9568
101000 9575
101100 9578
101200 9580
101300 9591
101400 9594
101500 9600
101600 9607
101700 9613
101800 9618
101900 9626
102000 9631
102100 9635
102200 9641
102300 9646
102400 9653
102500 9657
102600 9664
102700 9672
102800 9678
102900 9684
103000 9687
103100 9692
103200 9695
103300 9707
103400 9715
103500 9724
103600 9729
103700 9738
103800 9749
103900 9755
104000 9762
104100 9767
104200 9774
104300 9783
104400 9785
104500 9792
104600 9798
104700 9806
104800 9812
104900 9819
105000 9826
105100 9830
105200 9835
105300 9845
105400 9847
105500 9858
105600 9870
105700 9876
105800 9878
105900 9889
106000 9893
106100 9897
106200 9903
106300 9905
106400 9909
106500 9911
106600 9916
106700 9923
106800 9929
106900 9934
107000 9946
107100 9950
107200 9952
107300 9961
107400 9964
107500 9978
107600 9989
107700 9997
107800 10002
107900 10006
108000 10010
108100 10012
108200 10015
108300 10019
108400 10022
108500 10026
108600 10031
108700 10035
108800 10036
108900 10037
109000 10046
109100 10053
109200 10060
109300 10063
109400 10067
109500 10074
109600 10076
109700 10082
109800 10083
109900 10088
110000 10091
110100 10096
110200 10102
110300 10108
110400 10119
110500 10125
110600 10126
110700 10129
110800 10136
110900 10140
111000 10141
111100 10148
111200 10158
111300 10163
111400 10169
111500 10172
111600 10185
111700 10189
111800 10194
111900 10198
112000 10203
112100 10208
112200 10213
112300 10216
112400 10220
112500 10222
112600 10232
112700 10236
112800 10246
112900 10250
113000 10258
113100 10261
113200 10269
113300 10277
113400 10283
113500 10292
113600 10305
113700 10310
113800 10314
113900 10322
114000 10334
114100 10340
114200 10341
114300 10346
114400 10350
114500 10357
114600 10359
114700 10370
114800 10380
114900 10393
115000 10397
115100 10411
115200 10422
115300 10427
115400 10428
115500 10435
115600 10443
115700 10450
115800 10457
115900 10461
116000 10466
116100 10472
116200 10475
116300 10477
116400 10482
116500 10489
116600 10494
116700 10500
116800 10504
116900 10506
117000 10511
117100 10516
117200 10520
117300 10528
117400 10532
117500 10541
117600 10548
117700 10550
117800 10552
117900 10555
118000 10566
118100 10567
118200 10575
118300 10580
118400 10581
118500 10586
118600 10587
118700 10597
118800 10602
118900 10605
119000 10609
119100 10612
119200 10619
119300 10625
119400 10630
119500 10633
119600 10638
119700 10642
119800 10651
119900 10652
120000 10657
120100 10662
120200 10668
120300 10672
120400 10676
120500 10682
120600 10689
120700 10695
120800 10699
120900 10714
121000 10719
121100 10728
121200 10734
121300 10737
121400 10742
121500 10744
121600 10753
121700 10757
121800 10760
121900 10761
122000 10768
122100 10774
122200 10775
122300 10779
122400 10781
122500 10788
122600 10792
122700 10794
122800 10796
122900 10798
123000 10802
123100 10809
123200 10816
123300 10820
123400 10823
123500 10827
123600 10832
123700 10836
123800 10843
123900 10853
124000 10864
124100 10866
124200 10873
124300 10878
124400 10882
124500 10884
124600 10890
124700 10896
124800 10906
124900 10917
125000 10920
125100 10928
125200 10938
125300 10944
125400 10948
125500 10958
125600 10962
125700 10966
125800 10967
125900 10972
126000 10974
126100 10981
126200 10987
126300 10992
126400 11001
126500 11011
126600 11015
126700 11015
126800 11019
126900 11025
127000 11026
127100 11032
127200 11037
127300 11042
127400 11052
127500 11058
127600 11066
127700 11072
127800 11074
127900 11080
128000 11087
128100 11088
128200 11091
128300 11095
128400 11101
128500 11106
128600 11112
128700 11124
128800 11129
128900 11136
129000 11138
129100 11146
129200 11152
129300 11157
129400 11163
129500 11169
129600 11173
129700 11176
129800 11186
129900 11195
130000 11199
130100 11204
130200 11210
130300 11214
130400 11219
130500 11223
130600 11226
130700 11233
130800 11238
130900 11240
131000 11250
131100 11255
131200 11261
131300 11265
131400 11280
131500 11287
131600 11295
131700 11305
131800 11314
131900 11318
132000 11321
132100 11326
132200 11329
132300 11337
132400 11343
132500 11348
132600 11353
132700 11358
132800 11372
132900 11380
133000 11384
133100 11397
133200 11403
133300 11408
133400 11415
133500 11419
133600 11426
133700 11432
133800 11436
133900 11439
134000 11443
134100 11446
134200 11452
134300 11458
134400 11468
134500 11480
134600 11485
134700 11494
134800 11502
134900 11505
135000 11507
135100 11521
135200 11535
135300 11546
135400 11555
135500 11561
135600 11563
135700 11566
135800 11569
135900 11570
136000 11573
136100 11577
136200 11579
136300 11581
136400 11583
136500 11586
136600 11588
136700 11594
136800 11596
136900 11599
137000 11600
137100 11604
137200 11610
137300 11618
137400 11621
137500 11625
137600 11631
137700 11646
137800 11657
137900 11671
138000 11688
138100 11691
138200 11701
138300 11702
138400 11708
138500 11712
138600 11718
138700 11724
138800 11728
138900 11734
139000 11736
139100 11738
139200 11744
139300 11747
139400 11750
139500 11753
139600 11758
139700 11765
139800 11770
139900 11780
140000 11785
140100 11792
140200 11797
140300 11801
140400 11804
140500 11816
140600 11824
140700 11835
140800 11841
140900 11846
141000 11849
141100 11857
141200 11859
141300 11860
141400 11862
141500 11866
141600 11870
141700 11881
141800 11885
141900 11888
142000 11890
142100 11892
142200 11899
142300 11904
142400 11913
142500 11919
142600 11921
142700 11930
142800 11940
142900 11944
143000 11953
143100 11957
143200 11969
143300 11977
143400 11983
143500 11990
143600 11999
143700 12003
143800 12010
143900 12016
144000 12020
144100 12024
144200 12029
144300 12034
144400 12038
144500 12042
144600 12051
144700 12056
144800 12059
144900 12061
145000 12067
145100 12075
145200 12080
145300 12085
145400 12089
145500 12092
145600 12096
145700 12103
145800 12106
145900 12110
146000 12118
146100 12120
146200 12124
146300 12127
146400 12130
146500 12137
146600 12141
146700 12149
146800 12156
146900 12160
147000 12166
147100 12171
147200 12176
147300 12179
147400 12182
147500 12187
147600 12192
147700 12194
147800 12194
147900 12198
148000 12201
148100 12205
148200 12209
148300 12213
148400 12217
148500 12222
148600 12228
148700 12235
148800 12244
148900 12249
149000 12253
149100 12253
149200 12256
149300 12262
149400 12263
149500 12271
149600 12275
149700 12279
149800 12290
149900 12295
150000 12300
150100 12310
150200 12318
150300 12322
150400 12325
150500 12331
150600 12335
150700 12342
150800 12346
150900 12355
151000 12356
151100 12361
151200 12365
151300 12369
151400 12374
151500 12375
151600 12381
151700 12386
151800 12389
151900 12395
152000 12399
152100 12399
152200 12400
152300 12407
152400 12415
152500 12420
152600 12423
152700 12427
152800 12433
152900 12436
153000 12445
153100 12448
153200 12455
153300 12462
153400 12467
153500 12471
153600 12477
153700 12481
153800 12486
153900 12488
154000 12492
154100 12497
154200 12498
154300 12506
154400 12509
154500 12509
154600 12513
154700 12519
154800 12524
154900 12542
155000 12551
155100 12556
155200 12560
155300 12570
155400 12571
155500 12577
155600 12582
155700 12585
155800 12591
155900 12594
156000 12597
156100 12605
156200 12610
156300 12615
156400 12624
156500 12630
156600 12635
156700 12648
156800 12655
156900 12660
157000 12665
157100 12670
157200 12674
157300 12682
157400 12685
157500 12687
157600 12694
157700 12697
157800 12705
157900 12706
158000 12709
158100 12712
158200 12716
158300 12721
158400 12725
158500 12732
158600 12738
158700 12741
158800 12745
158900 12748
159000 12754
159100 12759
159200 12761
159300 12769
159400 12775
159500 12779
159600 12786
159700 12791
159800 12796
159900 12803
160000 12808
160100 12817
160200 12824
160300 12824
160400 12828
160500 12835
160600 12838
160700 12842
160800 12849
160900 12853
161000 12858
161100 12862
161200 12869
161300 12872
161400 12875
161500 12880
161600 12885
161700 12890
161800 12900
161900 12906
162000 12919
162100 12922
162200 12927
162300 12934
162400 12940
162500 12946
162600 12950
162700 12952
162800 12957
162900 12963
163000 12970
163100 12972
163200 12978
163300 12983
163400 12986
163500 12988
163600 12990
163700 12997
163800 12997
163900 12998
164000 13002
164100 13007
164200 13009
164300 13012
164400 13015
164500 13017
164600 13022
164700 13031
164800 13034
164900 13042
165000 13047
165100 13050
165200 13054
165300 13058
165400 13061
165500 13065
165600 13070
165700 13072
165800 13078
165900 13084
166000 13092
166100 13097
166200 13101
166300 13109
166400 13111
166500 13115
166600 13121
166700 13125
166800 13130
166900 13135
167000 13141
167100 13143
167200 13147
167300 13150
167400 13168
167500 13177
167600 13182
167700 13187
167800 13192
167900 13193
168000 13201
168100 13208
168200 13213
168300 13217
168400 13223
168500 13231
168600 13235
168700 13235
168800 13242
168900 13246
169000 13254
169100 13261
169200 13268
169300 13275
169400 13279
169500 13287
169600 13292
169700 13295
169800 13305
169900 13318
170000 13325
170100 13326
170200 13330
170300 13335
170400 13340
170500 13348
170600 13351
170700 13365
170800 13369
170900 13376
171000 13385
171100 13390
171200 13396
171300 13398
171400 13402
171500 13403
171600 13408
171700 13415
171800 13418
171900 13421
172000 13424
172100 13426
172200 13433
172300 13437
172400 13442
172500 13445
172600 13453
172700 13464
172800 13472
172900 13479
173000 13484
173100 13486
173200 13493
173300 13496
173400 13501
173500 13503
173600 13503
173700 13503
173800 13504
173900 13508
174000 13510
174100 13511
174200 13515
174300 13516
174400 13519
174500 13522
174600 13524
174700 13529
174800 13533
174900 13539
175000 13541
175100 13543
175200 13547
175300 13554
175400 13559
175500 13564
175600 13567
175700 13572
175800 13575
175900 13580
176000 13581
176100 13582
176200 13591
176300 13594
176400 13599
176500 13600
176600 13604
176700 13617
176800 13626
176900 13626
177000 13634
177100 13636
177200 13638
177300 13646
177400 13655
177500 13667
177600 13674
177700 13680
177800 13684
177900 13688
178000 13690
178100 13691
178200 13703
178300 13708
178400 13711
178500 13711
178600 13713
178700 13720
178800 13721
178900 13723
179000 13724
179100 13726
179200 13730
179300 13734
179400 13738
179500 13741
179600 13751
179700 13757
179800 13762
179900 13768
180000 13776
180100 13786
180200 13793
180300 13795
180400 13801
180500 13804
180600 13807
180700 13811
180800 13815
180900 13816
181000 13820
181100 13822
181200 13827
181300 13833
181400 13840
181500 13847
181600 13851
181700 13866
181800 13869
181900 13872
182000 13875
182100 13878
182200 13882
182300 13884
182400 13888
182500 13893
182600 13899
182700 13900
182800 13904
182900 13906
183000 13911
183100 13915
183200 13920
183300 13924
183400 13927
183500 13930
183600 13937
183700 13944
183800 13946
183900 13950
184000 13953
184100 13957
184200 13959
184300 13963
184400 13968
184500 13975
184600 13978
184700 13981
184800 13984
184900 13984
185000 13987
185100 13991
185200 13996
185300 14001
185400 14004
185500 14007
185600 14015
185700 14016
185800 14019
185900 14021
186000 14024
186100 14028
186200 14034
186300 14044
186400 14046
186500 14052
186600 14060
186700 14064
186800 14068
186900 14071
187000 14076
187100 14082
187200 14089
187300 14094
187400 14099
187500 14103
187600 14113
187700 14122
187800 14128
187900 14137
188000 14142
188100 14146
188200 14155
188300 14162
188400 14165
188500 14169
188600 14176
188700 14179
188800 14184
188900 14195
189000 14202
189100 14209
189200 14212
189300 14219
189400 14223
189500 14225
189600 14226
189700 14231
189800 14232
189900 14237
190000 14238
190100 14241
190200 14243
190300 14246
190400 14252
190500 14260
190600 14269
190700 14275
190800 14278
190900 14281
191000 14284
191100 14289
191200 14299
191300 14302
191400 14306
191500 14309
191600 14313
191700 14322
191800 14324
191900 14325
192000 14330
192100 14334
192200 14338
192300 14346
192400 14352
192500 14355
192600 14356
192700 14357
192800 14359
192900 14363
193000 14364
193100 14367
193200 14374
193300 14381
193400 14383
193500 14386
193600 14391
193700 14393
193800 14401
193900 14403
194000 14406
194100 14408
194200 14414
194300 14419
194400 14423
194500 14423
194600 14426
194700 14432
194800 14437
194900 14442
195000 14450
195100 14454
195200 14461
195300 14465
195400 14467
195500 14469
195600 14472
195700 14479
195800 14480
195900 14484
196000 14490
196100 14500
196200 14503
196300 14504
196400 14507
196500 14509
196600 14512
196700 14515
196800 14518
196900 14524
197000 14530
197100 14530
197200 14537
197300 14546
197400 14552
197500 14554
197600 14558
197700 14562
197800 14564
197900 14568
198000 14575
198100 14579
198200 14585
198300 14593
198400 14597
198500 14602
198600 14607
198700 14610
198800 14614
198900 14616
199000 14617
199100 14621
199200 14626
199300 14634
199400 14642
199500 14645
199600 14650
199700 14654
199800 14660
199900 14664
200000 14670
200100 14679
200200 14684
200300 14691
200400 14702
200500 14708
200600 14708
200700 14713
200800 14720
200900 14723
201000 14733
201100 14736
201200 14738
201300 14738
201400 14740
201500 14745
201600 14746
201700 14750
201800 14753
201900 14755
202000 14757
202100 14761
202200 14764
202300 14765
202400 14772
202500 14778
202600 14786
202700 14788
202800 14795
202900 14799
203000 14802
203100 14802
203200 14805
203300 14806
203400 14808
203500 14809
203600 14813
203700 14821
203800 14823
203900 14828
204000 14833
204100 14839
204200 14840
204300 14847
204400 14850
204500 14855
204600 14857
204700 14862
204800 14867
204900 14872
205000 14880
205100 14890
205200 14892
205300 14895
205400 14901
205500 14907
205600 14913
205700 14922
205800 14927
205900 14931
206000 14934
206100 14937
206200 14939
206300 14942
206400 14946
206500 14949
206600 14950
206700 14954
206800 14958
206900 14959
207000 14966
207100 14970
207200 14977
207300 14981
207400 14986
207500 14987
207600 14990
207700 14994
207800 14996
207900 14998
208000 14998
208100 15002
208200 15006
208300 15009
208400 15011
208500 15016
208600 15022
208700 15025
208800 15029
208900 15035
209000 15037
209100 15046
209200 15052
209300 15060
209400 15075
209500 15088
209600 15090
209700 15107
209800 15117
209900 15130
210000 15136
210100 15147
210200 15150
210300 15156
210400 15165
210500 15170
210600 15175
210700 15178
210800 15179
210900 15183
211000 15185
211100 15190
211200 15198
211300 15203
211400 15206
211500 15215
211600 15221
211700 15229
211800 15240
211900 15250
212000 15257
212100 15258
212200 15264
212300 15268
212400 15269
212500 15273
212600 15274
212700 15282
212800 15293
212900 15300
213000 15304
213100 15313
213200 15323
213300 15327
213400 15330
213500 15330
213600 15332
213700 15334
213800 15336
213900 15337
214000 15339
214100 15341
214200 15343
214300 15345
214400 15349
214500 15351
214600 15352
214700 15358
214800 15365
214900 15370
215000 15376
215100 15381
215200 15384
215300 15387
215400 15388
215500 15390
215600 15397
215700 15399
215800 15403
215900 15412
216000 15421
216100 15429
216200 15435
216300 15437
216400 15441
216500 15443
216600 15448
216700 15457
216800 15462
216900 15467
217000 15477
217100 15485
217200 15489
217300 15491
217400 15496
217500 15501
217600 15503
217700 15508
217800 15511
217900 15513
218000 15519
218100 15526
218200 15532
218300 15536
218400 15540
218500 15545
218600 15552
218700 15557
218800 15561
218900 15566
219000 15571
219100 15577
219200 15579
219300 15592
219400 15601
219500 15608
219600 15613
219700 15618
219800 15624
219900 15630
220000 15641
220100 15645
220200 15649
220300 15653
220400 15655
220500 15662
220600 15669
220700 15671
220800 15672
220900 15675
221000 15678
221100 15684
221200 15689
221300 15693
221400 15700
221500 15704
221600 15708
221700 15712
221800 15717
221900 15720
222000 15720
222100 15723
222200 15728
222300 15730
222400 15732
222500 15734
222600 15743
222700 15751
222800 15754
222900 15759
223000 15765
223100 15771
223200 15774
223300 15784
223400 15790
223500 15795
223600 15802
223700 15806
223800 15812
223900 15821
224000 15825
224100 15829
224200 15835
224300 15840
224400 15844
224500 15845
224600 15847
224700 15850
224800 15858
224900 15865
225000 15867
225100 15872
225200 15873
225300 15873
225400 15879
225500 15888
225600 15897
225700 15898
225800 15901
225900 15904
226000 15908
226100 15911
226200 15913
226300 15917
226400 15919
226500 15923
226600 15928
226700 15930
226800 15934
226900 15938
227000 15943
227100 15946
227200 15948
227300 15950
227400 15950
227500 15955
227600 15961
227700 15968
227800 15977
227900 15982
228000 15987
228100 16000
228200 16005
228300 16009
228400 16017
228500 16019
228600 16024
228700 16024
228800 16031
228900 16034
229000 16035
229100 16042
229200 16048
229300 16056
229400 16064
229500 16070
229600 16076
229700 16085
229800 16085
229900 16086
230000 16090
230100 16095
230200 16098
230300 16107
230400 16115
230500 16123
230600 16128
230700 16130
230800 16139
230900 16143
231000 16149
231100 16152
231200 16156
231300 16161
231400 16164
231500 16170
231600 16175
231700 16177
231800 16186
231900 16191
232000 16200
232100 16205
232200 16212
232300 16216
232400 16216
232500 16221
232600 16222
232700 16233
232800 16242
232900 16252
233000 16257
233100 16264
233200 16268
233300 16270
233400 16270
233500 16273
233600 16278
233700 16282
233800 16286
233900 16290
234000 16292
234100 16294
234200 16300
234300 16303
234400 16308
234500 16310
234600 16313
234700 16315
234800 16319
234900 16320
235000 16322
235100 16325
235200 16333
235300 16336
235400 16343
235500 16348
235600 16352
235700 16356
235800 16357
235900 16363
236000 16367
236100 16371
236200 16381
236300 16383
236400 16384
236500 16390
236600 16394
236700 16395
236800 16400
236900 16402
237000 16406
237100 16406
237200 16410
237300 16420
237400 16424
237500 16437
237600 16440
237700 16448
237800 16459
237900 16466
238000 16472
238100 16475
238200 16478
238300 16484
238400 16487
238500 16489
238600 16493
238700 16495
238800 16500
238900 16504
239000 16510
239100 16515
239200 16519
239300 16525
239400 16536
239500 16543
239600 16543
239700 16547
239800 16554
239900 16557
240000 16559
240100 16564
240200 16566
240300 16569
240400 16578
240500 16584
240600 16586
240700 16588
240800 16590
240900 16595
241000 16600
241100 16603
241200 16610
241300 16614
241400 16619
241500 16624
241600 16626
241700 16632
241800 16636
241900 16644
242000 16647
242100 16652
242200 16657
242300 16663
242400 16670
242500 16679
242600 16682
242700 16687
242800 16691
242900 16695
243000 16697
243100 16701
243200 16704
243300 16708
243400 16712
243500 16716
243600 16718
243700 16721
243800 16725
243900 16729
244000 16732
244100 16738
244200 16745
244300 16753
244400 16759
244500 16761
244600 16764
244700 16766
244800 16768
244900 16770
245000 16774
245100 16781
245200 16786
245300 16788
245400 16791
245500 16793
245600 16794
245700 16799
245800 16803
245900 16808
246000 16809
246100 16813
246200 16820
246300 16826
246400 16831
246500 16833
246600 16834
246700 16837
246800 16842
246900 16846
247000 16847
247100 16851
247200 16853
247300 16855
247400 16860
247500 16862
247600 16867
247700 16871
247800 16876
247900 16878
248000 16879
248100 16883
248200 16888
248300 16892
248400 16894
248500 16897
248600 16901
248700 16907
248800 16913
248900 16919
249000 16926
249100 16932
249200 16939
249300 16943
249400 16949
249500 16955
249600 16957
249700 16961
249800 16965
249900 16974
250000 16982
250100 16986
250200 16989
250300 16992
250400 16993
250500 16996
250600 17003
250700 17009
250800 17015
250900 17018
251000 17019
251100 17029
251200 17030
251300 17036
251400 17040
251500 17040
251600 17045
251700 17047
251800 17058
251900 17060
252000 17063
252100 17063
252200 17066
252300 17068
252400 17073
252500 17075
252600 17076
252700 17078
252800 17078
252900 17081
253000 17081
253100 17082
253200 17083
253300 17083
253400 17086
253500 17088
253600 17090
253700 17093
253800 17094
253900 17096
254000 17100
254100 17109
254200 17115
254300 17123
254400 17125
254500 17129
254600 17135
254700 17138
254800 17143
254900 17148
255000 17151
255100 17157
255200 17160
255300 17162
255400 17163
255500 17166
255600 17169
255700 17169
255800 17170
255900 17175
256000 17178
256100 17182
256200 17186
256300 17187
256400 17192
256500 17197
256600 17200
256700 17207
256800 17208
256900 17211
257000 17213
257100 17214
257200 17219
257300 17223
257400 17232
257500 17235
257600 17238
257700 17244
257800 17247
257900 17248
258000 17253
258100 17254
258200 17263
258300 17264
258400 17268
258500 17273
258600 17275
258700 17277
258800 17277
258900 17279
259000 17283
259100 17290
259200 17293
259300 17296
259400 17298
259500 17300
259600 17307
259700 17312
259800 17316
259900 17317
260000 17319
260100 17323
260200 17324
260300 17327
260400 17332
260500 17336
260600 17336
260700 17338
260800 17342
260900 17347
261000 17352
261100 17356
261200 17359
261300 17369
261400 17374
261500 17380
261600 17386
261700 17390
261800 17398
261900 17403
262000 17410
262100 17419
262200 17425
262300 17426
262400 17428
262500 17435
262600 17440
262700 17443
262800 17446
262900 17449
263000 17455
263100 17456
263200 17460
263300 17463
263400 17467
263500 17472
263600 17476
263700 17478
263800 17478
263900 17479
264000 17481
264100 17482
264200 17485
264300 17489
264400 17492
264500 17497
264600 17497
264700 17500
264800 17504
264900 17507
265000 17512
265100 17519
265200 17524
265300 17529
265400 17539
265500 17554
265600 17558
265700 17559
265800 17559
265900 17563
266000 17567
266100 17568
266200 17574
266300 17578
266400 17578
266500 17582
266600 17587
266700 17597
266800 17598
266900 17604
267000 17608
267100 17615
267200 17620
267300 17622
267400 17627
267500 17631
267600 17633
267700 17636
267800 17642
267900 17653
268000 17656
268100 17664
268200 17666
268300 17668
268400 17675
268500 17677
268600 17684
268700 17687
268800 17689
268900 17698
269000 17699
269100 17704
269200 17707
269300 17715
269400 17721
269500 17729
269600 17731
269700 17735
269800 17739
269900 17740
270000 17741
270100 17752
270200 17754
270300 17757
270400 17760
270500 17761
270600 17763
270700 17764
270800 17766
270900 17771
271000 17775
271100 17780
271200 17783
271300 17787
271400 17790
271500 17791
271600 17796
271700 17798
271800 17806
271900 17811
272000 17813
272100 17814
272200 17819
272300 17820
272400 17821
272500 17823
272600 17824
272700 17828
272800 17834
272900 17838
273000 17840
273100 17844
273200 17847
273300 17851
273400 17858
273500 17860
273600 17863
273700 17865
273800 17867
273900 17869
274000 17872
274100 17876
274200 17880
274300 17881
274400 17885
274500 17890
274600 17895
274700 17903
274800 17906
274900 17910
275000 17915
275100 17919
275200 17923
275300 17926
275400 17930
275500 17933
275600 17937
275700 17940
275800 17945
275900 17951
276000 17958
276100 17965
276200 17972
276300 17975
276400 17977
276500 17980
276600 17985
276700 17988
276800 17990
276900 17995
277000 18000
277100 18002
277200 18006
277300 18006
277400 18009
277500 18011
277600 18014
277700 18026
277800 18038
277900 18042
278000 18042
278100 18045
278200 18049
278300 18053
278400 18057
278500 18058
278600 18060
278700 18061
278800 18071
278900 18073
279000 18077
279100 18080
279200 18080
279300 18088
279400 18093
279500 18094
279600 18097
279700 18103
279800 18108
279900 18111
280000 18112
280100 18118
280200 18122
280300 18128
280400 18131
280500 18131
280600 18137
280700 18142
280800 18148
280900 18154
281000 18158
281100 18165
281200 18167
281300 18170
281400 18173
281500 18177
281600 18183
281700 18191
281800 18197
281900 18210
282000 18213
282100 18213
282200 18215
282300 18217
282400 18222
282500 18225
282600 18226
282700 18228
282800 18229
282900 18232
283000 18234
283100 18242
283200 18248
283300 18249
283400 18250
283500 18256
283600 18257
283700 18263
283800 18269
283900 18274
284000 18282
284100 18287
284200 18289
284300 18292
284400 18295
284500 18296
284600 18296
284700 18301
284800 18306
284900 18308
285000 18310
285100 18316
285200 18320
285300 18323
285400 18328
285500 18335
285600 18341
285700 18344
285800 18349
285900 18355
286000 18360
286100 18363
286200 18365
286300 18373
286400 18375
286500 18380
286600 18384
286700 18393
286800 18402
286900 18406
287000 18409
287100 18410
287200 18413
287300 18415
287400 18417
287500 18417
287600 18418
287700 18421
287800 18422
287900 18426
288000 18433
288100 18435
288200 18441
288300 18445
288400 18449
288500 18452
288600 18455
288700 18459
288800 18461
288900 18463
289000 18464
289100 18465
289200 18469
289300 18472
289400 18472
289500 18474
289600 18475
289700 18476
289800 18483
289900 18487
290000 18488
290100 18489
290200 18492
290300 18499
290400 18505
290500 18507
290600 18509
290700 18512
290800 18512
290900 18518
291000 18524
291100 18526
291200 18529
291300 18534
291400 18541
291500 18548
291600 18554
291700 18556
291800 18563
291900 18567
292000 18571
292100 18575
292200 18578
292300 18585
292400 18592
292500 18597
292600 18597
292700 18598
292800 18602
292900 18603
293000 18610
293100 18616
293200 18621
293300 18623
293400 18625
293500 18629
293600 18632
293700 18635
293800 18640
293900 18644
294000 18645
294100 18647
294200 18653
294300 18660
294400 18671
294500 18673
294600 18679
294700 18685
294800 18685
294900 18691
295000 18700
295100 18704
295200 18708
295300 18712
295400 18717
295500 18717
295600 18722
295700 18723
295800 18725
295900 18728
296000 18730
296100 18735
296200 18739
296300 18741
296400 18743
296500 18747
296600 18755
296700 18758
296800 18768
296900 18772
297000 18774
297100 18774
297200 18775
297300 18781
297400 18781
297500 18783
297600 18789
297700 18792
297800 18793
297900 18797
298000 18803
298100 18805
298200 18811
298300 18815
298400 18821
298500 18827
298600 18830
298700 18834
298800 18841
298900 18846
299000 18847
299100 18847
299200 18853
299300 18857
299400 18861
299500 18870
299600 18874
299700 18876
299800 18881
299900 18886
300000 18891
300100 18892
300200 18895
300300 18897
300400 18898
300500 18901
300600 18902
300700 18903
300800 18905
300900 18908
301000 18910
301100 18911
301200 18915
301300 18921
301400 18927
301500 18930
301600 18939
301700 18944
301800 18945
301900 18946
302000 18950
302100 18954
302200 18957
302300 18961
302400 18965
302500 18969
302600 18975
302700 18977
302800 18982
302900 18982
303000 18987
303100 18992
303200 18994
303300 18998
303400 19000
303500 19001
303600 19002
303700 19006
303800 19017
303900 19018
304000 19019
304100 19024
304200 19024
304300 19026
304400 19027
304500 19028
304600 19032
304700 19038
304800 19042
304900 19043
305000 19046
305100 19048
305200 19052
305300 19053
305400 19056
305500 19064
305600 19066
305700 19067
305800 19071
305900 19076
306000 19077
306100 19080
306200 19081
306300 19086
306400 19089
306500 19095
306600 19099
306700 19104
306800 19112
306900 19112
307000 19118
307100 19119
307200 19122
307300 19123
307400 19127
307500 19131
307600 19136
307700 19139
307800 19140
307900 19143
308000 19145
308100 19146
308200 19151
308300 19154
308400 19159
308500 19165
308600 19168
308700 19169
308800 19172
308900 19174
309000 19178
309100 19178
309200 19179
309300 19182
309400 19185
309500 19187
309600 19190
309700 19193
309800 19198
309900 19199
310000 19201
310100 19204
310200 19211
310300 19220
310400 19222
310500 19228
310600 19231
310700 19237
310800 19238
310900 19243
311000 19247
311100 19249
311200 19252
311300 19260
311400 19262
311500 19263
311600 19265
311700 19267
311800 19273
311900 19276
312000 19278
312100 19281
312200 19285
312300 19293
312400 19299
312500 19304
312600 19308
312700 19309
312800 19312
312900 19317
313000 19322
313100 19329
313200 19336
313300 19342
313400 19343
313500 19343
313600 19351
313700 19357
313800 19362
313900 19365
314000 19369
314100 19376
314200 19381
314300 19391
314400 19402
314500 19405
314600 19409
314700 19412
314800 19414
314900 19415
315000 19416
315100 19423
315200 19430
315300 19430
315400 19435
315500 19441
315600 19445
315700 19451
315800 19454
315900 19457
316000 19464
316100 19469
316200 19475
316300 19481
316400 19482
316500 19489
316600 19495
316700 19499
316800 19502
316900 19505
317000 19511
317100 19516
317200 19519
317300 19519
317400 19520
317500 19525
317600 19527
317700 19534
317800 19537
317900 19543
318000 19548
318100 19550
318200 19555
318300 19559
318400 19562
318500 19567
318600 19575
318700 19581
318800 19582
318900 19584
319000 19586
319100 19593
319200 19596
319300 19599
319400 19600
319500 19606
319600 19609
319700 19613
319800 19617
319900 19620
320000 19623
320100 19626
320200 19630
320300 19642
320400 19648
320500 19650
320600 19655
320700 19659
320800 19659
320900 19664
321000 19669
321100 19673
321200 19675
321300 19679
321400 19681
321500 19684
321600 19686
321700 19689
321800 19696
321900 19702
322000 19704
322100 19708
322200 19715
322300 19724
322400 19730
322500 19732
322600 19734
322700 19737
322800 19738
322900 19742
323000 19745
323100 19748
323200 19752
323300 19758
323400 19760
323500 19765
323600 19772
323700 19775
323800 19786
323900 19792
324000 19796
324100 19801
324200 19803
324300 19809
324400 19810
324500 19813
324600 19815
324700 19818
324800 19820
324900 19825
325000 19825
325100 19828
325200 19829
325300 19834
325400 19837
325500 19839
325600 19845
325700 19847
325800 19851
325900 19851
326000 19854
326100 19860
326200 19864
326300 19865
326400 19868
326500 19871
326600 19873
326700 19875
326800 19875
326900 19880
327000 19884
327100 19887
327200 19887
327300 19891
327400 19898
327500 19899
327600 19904
327700 19911
327800 19911
327900 19917
328000 19921
328100 19923
328200 19925
328300 19927
328400 19928
328500 19928
328600 19935
328700 19938
328800 19942
328900 19947
329000 19952
329100 19959
329200 19965
329300 19970
329400 19972
329500 19974
329600 19978
329700 19982
329800 19986
329900 19989
330000 19994
330100 19999
330200 20007
330300 20011
330400 20013
330500 20015
330600 20019
330700 20022
330800 20025
330900 20025
331000 20026
331100 20029
331200 20031
331300 20032
331400 20040
331500 20046
331600 20047
331700 20049
331800 20053
331900 20054
332000 20056
332100 20063
332200 20068
332300 20072
332400 20078
332500 20082
332600 20087
332700 20092
332800 20096
332900 20102
333000 20104
333100 20105
333200 20108
333300 20112
333400 20113
333500 20116
333600 20122
333700 20126
333800 20126
333900 20128
334000 20134
334100 20136
334200 20141
334300 20147
334400 20151
334500 20155
334600 20155
334700 20155
334800 20158
334900 20160
335000 20163
335100 20166
335200 20171
335300 20172
335400 20179
335500 20183
335600 20183
335700 20188
335800 20194
335900 20203
336000 20205
336100 20208
336200 20212
336300 20223
336400 20228
336500 20233
336600 20235
336700 20235
336800 20244
336900 20248
337000 20253
337100 20259
337200 20262
337300 20267
337400 20269
337500 20275
337600 20277
337700 20282
337800 20289
337900 20298
338000 20304
338100 20305
338200 20309
338300 20314
338400 20316
338500 20319
338600 20320
338700 20321
338800 20324
338900 20327
339000 20332
339100 20336
339200 20339
339300 20342
339400 20343
339500 20344
339600 20349
339700 20353
339800 20356
339900 20358
340000 20360
340100 20368
340200 20371
340300 20374
340400 20380
340500 20383
340600 20391
340700 20401
340800 20411
340900 20417
341000 20419
341100 20421
341200 20425
341300 20427
341400 20430
341500 20434
341600 20440
341700 20448
341800 20452
341900 20454
342000 20456
342100 20458
342200 20461
342300 20466
342400 20471
342500 20475
342600 20475
342700 20481
342800 20488
342900 20494
343000 20499
343100 20504
343200 20504
343300 20510
343400 20513
343500 20516
343600 20519
343700 20523
343800 20527
343900 20530
344000 20534
344100 20537
344200 20539
344300 20544
344400 20551
344500 20562
344600 20568
344700 20570
344800 20577
344900 20584
345000 20586
345100 20588
345200 20595
345300 20597
345400 20600
345500 20602
345600 20605
345700 20606
345800 20612
345900 20615
346000 20619
346100 20622
346200 20632
346300 20636
346400 20638
346500 20641
346600 20647
346700 20651
346800 20660
346900 20670
347000 20674
347100 20681
347200 20685
347300 20690
347400 20694
347500 20699
347600 20707
347700 20715
347800 20719
347900 20723
348000 20727
348100 20730
348200 20731
348300 20732
348400 20732
348500 20735
348600 20741
348700 20741
348800 20748
348900 20750
349000 20756
349100 20759
349200 20765
349300 20767
349400 20778
349500 20785
349600 20789
349700 20794
349800 20796
349900 20799
350000 20800
350100 20803
350200 20805
350300 20806
350400 20810
350500 20816
350600 20818
350700 20822
350800 20825
350900 20836
351000 20839
351100 20840
351200 20843
351300 20844
351400 20847
351500 20848
351600 20849
351700 20851
351800 20852
351900 20853
352000 20855
352100 20857
352200 20858
352300 20863
352400 20867
352500 20870
352600 20871
352700 20873
352800 20873
352900 20878
353000 20879
353100 20881
353200 20883
353300 20886
353400 20889
353500 20893
353600 20894
353700 20894
353800 20895
353900 20896
354000 20896
354100 20898
354200 20902
354300 20903
354400 20905
354500 20908
354600 20908
354700 20910
354800 20914
354900 20914
355000 20917
355100 20920
355200 20927
355300 20929
355400 20932
355500 20933
355600 20936
355700 20939
355800 20941
355900 20945
356000 20954
356100 20960
356200 20962
356300 20964
356400 20969
356500 20975
356600 20977
356700 20983
356800 20988
356900 20991
357000 20997
357100 21000
357200 21002
357300 21004
357400 21006
357500 21007
357600 21009
357700 21012
357800 21020
357900 21022
358000 21022
358100 21024
358200 21027
358300 21028
358400 21031
358500 21035
358600 21035
358700 21037
358800 21043
358900 21048
359000 21050
359100 21058
359200 21064
359300 21069
359400 21071
359500 21076
359600 21081
359700 21089
359800 21093
359900 21096
360000 21102
360100 21104
360200 21108
360300 21113
360400 21116
360500 21120
360600 21125
360700 21127
360800 21131
360900 21132
361000 21133
361100 21141
361200 21150
361300 21154
361400 21157
361500 21167
361600 21171
361700 21175
361800 21175
361900 21175
362000 21180
362100 21185
362200 21187
362300 21190
362400 21190
362500 21193
362600 21197
362700 21202
362800 21208
362900 21212
363000 21213
363100 21217
363200 21218
363300 21222
363400 21230
363500 21234
363600 21237
363700 21239
363800 21245
363900 21248
364000 21250
364100 21254
364200 21256
364300 21260
364400 21262
364500 21266
364600 21266
364700 21269
364800 21276
364900 21280
365000 21286
365100 21289
365200 21292
365300 21293
365400 21294
365500 21295
365600 21295
365700 21297
365800 21299
365900 21303
366000 21304
366100 21306
366200 21308
366300 21309
366400 21311
366500 21312
366600 21316
366700 21318
366800 21326
366900 21333
367000 21342
367100 21349
367200 21352
367300 21357
367400 21362
367500 21369
367600 21371
367700 21374
367800 21379
367900 21381
368000 21384
368100 21388
368200 21390
368300 21393
368400 21394
368500 21396
