100 57
200 111
300 148
400 183
500 223
600 263
700 299
800 337
900 376
1000 413
1100 443
1200 481
1300 509
1400 553
1500 606
1600 644
1700 677
1800 701
1900 739
2000 753
2100 783
2200 814
2300 847
2400 877
2500 910
2600 938
2700 956
2800 985
2900 1014
3000 1048
3100 1079
3200 1116
3300 1159
3400 1197
3500 1228
3600 1250
3700 1279
3800 1302
3900 1324
4000 1355
4100 1385
4200 1417
4300 1449
4400 1481
4500 1507
4600 1541
4700 1567
4800 1589
4900 1612
5000 1637
5100 1655
5200 1676
5300 1701
5400 1719
5500 1742
5600 1757
5700 1785
5800 1810
5900 1829
6000 1849
6100 1874
6200 1901
6300 1914
6400 1934
6500 1968
6600 1991
6700 2018
6800 2045
6900 2071
7000 2094
7100 2119
7200 2145
7300 2174
7400 2195
7500 2214
7600 2232
7700 2248
7800 2278
7900 2301
8000 2321
8100 2344
8200 2366
8300 2384
8400 2405
8500 2435
8600 2454
8700 2471
8800 2492
8900 2513
9000 2535
9100 2554
9200 2564
9300 2592
9400 2614
9500 2651
9600 2677
9700 2704
9800 2726
9900 2741
10000 2753
10100 2772
10200 2789
10300 2805
10400 2823
10500 2846
10600 2864
10700 2888
10800 2905
10900 2927
11000 2942
11100 2969
11200 2991
11300 3022
11400 3034
11500 3060
11600 3084
11700 3112
11800 3135
11900 3156
12000 3172
12100 3197
12200 3218
12300 3242
12400 3262
12500 3284
12600 3305
12700 3321
12800 3342
12900 3359
13000 3376
13100 3397
13200 3413
13300 3434
13400 3458
13500 3481
13600 3493
13700 3506
13800 3523
13900 3532
14000 3542
14100 3556
14200 3573
14300 3586
14400 3600
14500 3618
14600 3636
14700 3660
14800 3683
14900 3703
15000 3725
15100 3737
15200 3758
15300 3780
15400 3799
15500 3825
15600 3845
15700 3863
15800 3878
15900 3905
16000 3923
16100 3932
16200 3941
16300 3950
16400 3957
16500 3973
16600 3980
16700 3987
16800 3998
16900 4020
17000 4040
17100 4050
17200 4075
17300 4093
17400 4116
17500 4137
17600 4159
17700 4180
17800 4198
17900 4219
18000 4228
18100 4251
18200 4275
18300 4299
18400 4318
18500 4344
18600 4365
18700 4392
18800 4420
18900 4442
19000 4462
19100 4481
19200 4498
19300 4522
19400 4547
19500 4562
19600 4583
19700 4602
19800 4630
19900 4655
20000 4681
20100 4711
20200 4738
20300 4758
20400 4783
20500 4800
20600 4821
20700 4838
20800 4871
20900 4894
21000 4912
21100 4930
21200 4944
21300 4964
21400 4976
21500 4999
21600 5016
21700 5034
21800 5050
21900 5066
22000 5092
22100 5109
22200 5125
22300 5144
22400 5166
22500 5186
22600 5203
22700 5210
22800 5228
22900 5242
23000 5255
23100 5266
23200 5273
23300 5283
23400 5292
23500 5299
23600 5317
23700 5326
23800 5332
23900 5350
24000 5361
24100 5373
24200 5392
24300 5413
24400 5429
24500 5443
24600 5461
24700 5480
24800 5494
24900 5513
25000 5528
25100 5536
25200 5545
25300 5558
25400 5573
25500 5591
25600 5607
25700 5617
25800 5635
25900 5652
26000 5674
26100 5694
26200 5715
26300 5729
26400 5747
26500 5773
26600 5797
26700 5815
26800 5842
26900 5867
27000 5896
27100 5920
27200 5936
27300 5949
27400 5963
27500 5980
27600 6000
27700 6019
27800 6030
27900 6044
28000 6060
28100 6080
28200 6104
28300 6120
28400 6137
28500 6156
28600 6178
28700 6203
28800 6216
28900 6241
29000 6261
29100 6283
29200 6301
29300 6324
29400 6339
29500 6351
29600 6366
29700 6389
29800 6410
29900 6423
30000 6434
30100 6450
30200 6459
30300 6478
30400 6492
30500 6505
30600 6523
30700 6546
30800 6572
30900 6582
31000 6595
31100 6609
31200 6628
31300 6643
31400 6658
31500 6676
31600 6689
31700 6708
31800 6725
31900 6732
32000 6741
32100 6761
32200 6773
32300 6792
32400 6801
32500 6815
32600 6845
32700 6868
32800 6903
32900 6936
33000 6956
33100 6979
33200 7000
33300 7012
33400 7025
33500 7046
33600 7054
33700 7063
33800 7076
33900 7097
34000 7110
34100 7116
34200 7129
34300 7139
34400 7156
34500 7170
34600 7182
34700 7193
34800 7201
34900 7223
35000 7235
35100 7248
35200 7263
35300 7281
35400 7300
35500 7316
35600 7331
35700 7345
35800 7360
35900 7370
36000 7385
36100 7393
36200 7411
36300 7421
36400 7441
36500 7456
36600 7472
36700 7485
36800 7498
36900 7514
37000 7536
37100 7550
37200 7563
37300 7583
37400 7598
37500 7606
37600 7620
37700 7638
37800 7658
37900 7680
38000 7703
38100 7712
38200 7718
38300 7732
38400 7755
38500 7771
38600 7791
38700 7807
38800 7823
38900 7845
39000 7862
39100 7880
39200 7903
39300 7909
39400 7920
39500 7937
39600 7951
39700 7962
39800 7974
39900 7988
40000 8007
40100 8022
40200 8040
40300 8054
40400 8069
40500 8081
40600 8101
40700 8108
40800 8127
40900 8138
41000 8151
41100 8175
41200 8189
41300 8205
41400 8222
41500 8241
41600 8253
41700 8262
41800 8285
41900 8306
42000 8319
42100 8334
42200 8348
42300 8361
42400 8371
42500 8380
42600 8388
42700 8401
42800 8409
42900 8423
43000 8435
43100 8445
43200 8458
43300 8473
43400 8484
43500 8495
43600 8512
43700 8537
43800 8555
43900 8572
44000 8588
44100 8610
44200 8618
44300 8636
44400 8655
44500 8673
44600 8694
44700 8712
44800 8724
44900 8741
45000 8751
45100 8764
45200 8773
45300 8791
45400 8806
45500 8822
45600 8841
45700 8858
45800 8871
45900 8880
46000 8892
46100 8909
46200 8926
46300 8940
46400 8945
46500 8953
46600 8965
46700 8986
46800 9001
46900 9010
47000 9023
47100 9044
47200 9061
47300 9077
47400 9084
47500 9096
47600 9108
47700 9120
47800 9128
47900 9146
48000 9164
48100 9182
48200 9194
48300 9211
48400 9223
48500 9246
48600 9271
48700 9286
48800 9294
48900 9304
49000 9315
49100 9330
49200 9337
49300 9352
49400 9367
49500 9377
49600 9391
49700 9400
49800 9406
49900 9432
50000 9444
50100 9454
50200 9467
50300 9482
50400 9493
50500 9501
50600 9512
50700 9522
50800 9532
50900 9545
51000 9557
51100 9561
51200 9576
51300 9592
51400 9610
51500 9619
51600 9640
51700 9654
51800 9667
51900 9674
52000 9688
52100 9703
52200 9718
52300 9742
52400 9752
52500 9768
52600 9786
52700 9802
52800 9812
52900 9817
53000 9833
53100 9858
53200 9881
53300 9893
53400 9911
53500 9935
53600 9950
53700 9963
53800 9975
53900 9984
54000 9996
54100 10013
54200 10031
54300 10043
54400 10052
54500 10067
54600 10091
54700 10109
54800 10116
54900 10131
55000 10150
55100 10157
55200 10168
55300 10184
55400 10192
55500 10220
55600 10240
55700 10254
55800 10261
55900 10269
56000 10280
56100 10294
56200 10299
56300 10311
56400 10329
56500 10339
56600 10348
56700 10361
56800 10375
56900 10392
57000 10398
57100 10413
57200 10420
57300 10435
57400 10451
57500 10468
57600 10484
57700 10499
57800 10513
57900 10533
58000 10558
58100 10574
58200 10587
58300 10597
58400 10608
58500 10615
58600 10634
58700 10649
58800 10670
58900 10688
59000 10714
59100 10735
59200 10750
59300 10761
59400 10769
59500 10778
59600 10795
59700 10803
59800 10811
59900 10827
60000 10846
60100 10869
60200 10885
60300 10904
60400 10919
60500 10936
60600 10948
60700 10962
60800 10973
60900 10988
61000 11007
61100 11018
61200 11033
61300 11055
61400 11069
61500 11080
61600 11094
61700 11117
61800 11132
61900 11153
62000 11164
62100 11181
62200 11190
62300 11211
62400 11221
62500 11231
62600 11240
62700 11254
62800 11269
62900 11281
63000 11289
63100 11301
63200 11312
63300 11323
63400 11337
63500 11354
63600 11369
63700 11377
63800 11389
63900 11404
64000 11423
64100 11437
64200 11451
64300 11459
64400 11470
64500 11489
64600 11501
64700 11507
64800 11516
64900 11523
65000 11536
65100 11550
65200 11556
65300 11567
65400 11579
65500 11586
65600 11600
65700 11610
65800 11624
65900 11642
66000 11654
66100 11666
66200 11677
66300 11686
66400 11695
66500 11707
66600 11718
66700 11725
66800 11728
66900 11739
67000 11748
67100 11755
67200 11763
67300 11774
67400 11785
67500 11798
67600 11804
67700 11817
67800 11827
67900 11842
68000 11851
68100 11863
68200 11880
68300 11886
68400 11892
68500 11897
68600 11906
68700 11921
68800 11934
68900 11941
69000 11955
69100 11965
69200 11977
69300 11988
69400 11996
69500 12012
69600 12025
69700 12034
69800 12050
69900 12067
70000 12078
70100 12094
70200 12106
70300 12119
70400 12143
70500 12160
70600 12170
70700 12176
70800 12178
70900 12187
71000 12196
71100 12204
71200 12225
71300 12244
71400 12259
71500 12272
71600 12280
71700 12288
71800 12297
71900 12310
72000 12325
72100 12340
72200 12348
72300 12352
72400 12358
72500 12366
72600 12377
72700 12386
72800 12391
72900 12403
73000 12414
73100 12430
73200 12441
73300 12450
73400 12463
73500 12475
73600 12488
73700 12497
73800 12512
73900 12523
74000 12531
74100 12546
74200 12565
74300 12579
74400 12590
74500 12596
74600 12600
74700 12606
74800 12609
74900 12622
75000 12635
75100 12647
75200 12657
75300 12674
75400 12689
75500 12697
75600 12711
75700 12722
75800 12730
75900 12749
76000 12773
76100 12787
76200 12801
76300 12819
76400 12829
76500 12838
76600 12845
76700 12850
76800 12859
76900 12872
77000 12880
77100 12895
77200 12901
77300 12911
77400 12924
77500 12934
77600 12948
77700 12957
77800 12965
77900 12974
78000 12984
78100 12998
78200 13006
78300 13013
78400 13023
78500 13034
78600 13047
78700 13055
78800 13073
78900 13085
79000 13098
79100 13111
79200 13128
79300 13140
79400 13152
79500 13162
79600 13170
79700 13186
79800 13206
79900 13218
80000 13225
80100 13243
80200 13253
80300 13262
80400 13279
80500 13298
80600 13312
80700 13330
80800 13344
80900 13355
81000 13370
81100 13375
81200 13381
81300 13394
81400 13402
81500 13414
81600 13437
81700 13454
81800 13458
81900 13472
82000 13480
82100 13489
82200 13497
82300 13506
82400 13511
82500 13518
82600 13526
82700 13530
82800 13533
82900 13551
83000 13558
83100 13575
83200 13584
83300 13596
83400 13607
83500 13625
83600 13638
83700 13645
83800 13658
83900 13669
84000 13674
84100 13684
84200 13696
84300 13709
84400 13728
84500 13746
84600 13757
84700 13759
84800 13770
84900 13776
85000 13788
85100 13792
85200 13795
85300 13800
85400 13807
85500 13815
85600 13824
85700 13831
85800 13841
85900 13844
86000 13848
86100 13857
86200 13873
86300 13879
86400 13886
86500 13899
86600 13907
86700 13916
86800 13924
86900 13937
87000 13943
87100 13955
87200 13962
87300 13983
87400 13996
87500 14007
87600 14031
87700 14055
87800 14069
87900 14085
88000 14106
88100 14127
88200 14143
88300 14162
88400 14175
88500 14180
88600 14183
88700 14189
88800 14196
88900 14200
89000 14209
89100 14218
89200 14229
89300 14235
89400 14243
89500 14260
89600 14274
89700 14295
89800 14310
89900 14318
90000 14324
90100 14328
90200 14340
90300 14351
90400 14357
90500 14372
90600 14380
90700 14385
90800 14401
90900 14408
91000 14423
91100 14442
91200 14454
91300 14462
91400 14478
91500 14490
91600 14495
91700 14506
91800 14522
91900 14531
92000 14545
92100 14560
92200 14571
92300 14580
92400 14597
92500 14609
92600 14618
92700 14626
92800 14640
92900 14648
93000 14661
93100 14671
93200 14684
93300 14694
93400 14704
93500 14715
93600 14727
93700 14745
93800 14763
93900 14772
94000 14778
94100 14789
94200 14800
94300 14815
94400 14831
94500 14842
94600 14857
94700 14866
94800 14878
94900 14888
95000 14896
95100 14905
95200 14921
95300 14933
95400 14945
95500 14952
95600 14959
95700 14963
95800 14971
95900 14976
96000 14992
96100 15002
96200 15016
96300 15024
96400 15038
96500 15046
96600 15057
96700 15067
96800 15071
96900 15083
97000 15092
97100 15109
97200 15119
97300 15136
97400 15145
97500 15154
97600 15162
97700 15167
97800 15174
97900 15181
98000 15192
98100 15197
98200 15204
98300 15222
98400 15229
98500 15239
98600 15245
98700 15256
98800 15262
98900 15271
99000 15277
99100 15287
99200 15297
99300 15303
99400 15311
99500 15321
99600 15330
99700 15342
99800 15353
99900 15367
100000 15374
100100 15384
100200 15403
100300 15421
100400 15430
100500 15435
100600 15440
100700 15448
100800 15461
100900 15471
101000 15477
101100 15486
101200 15500
101300 15505
101400 15513
101500 15527
101600 15536
101700 15548
101800 15557
101900 15563
102000 15577
102100 15584
102200 15604
102300 15613
102400 15633
102500 15649
102600 15660
102700 15674
102800 15688
102900 15699
103000 15708
103100 15722
103200 15734
103300 15747
103400 15759
103500 15770
103600 15775
103700 15785
103800 15793
103900 15804
104000 15821
104100 15834
104200 15844
104300 15847
104400 15861
104500 15869
104600 15880
104700 15888
104800 15893
104900 15905
105000 15911
105100 15918
105200 15925
105300 15934
105400 15940
105500 15951
105600 15962
105700 15974
105800 15984
105900 15996
106000 16008
106100 16019
106200 16023
106300 16040
106400 16049
106500 16062
106600 16070
106700 16077
106800 16096
106900 16108
107000 16118
107100 16123
107200 16137
107300 16145
107400 16150
107500 16176
107600 16190
107700 16193
107800 16206
107900 16228
108000 16242
108100 16269
108200 16278
108300 16288
108400 16298
108500 16311
108600 16320
108700 16330
108800 16343
108900 16357
109000 16367
109100 16376
109200 16381
109300 16385
109400 16388
109500 16398
109600 16403
109700 16415
109800 16425
109900 16439
110000 16448
110100 16458
110200 16463
110300 16475
110400 16487
110500 16494
110600 16503
110700 16511
110800 16520
110900 16527
111000 16544
111100 16557
111200 16571
111300 16580
111400 16584
111500 16592
111600 16610
111700 16622
111800 16641
111900 16654
112000 16666
112100 16675
112200 16684
112300 16687
112400 16696
112500 16710
112600 16726
112700 16736
112800 16740
112900 16747
113000 16754
113100 16763
113200 16771
113300 16775
113400 16775
113500 16783
113600 16789
113700 16797
113800 16806
113900 16813
114000 16824
114100 16837
114200 16846
114300 16849
114400 16855
114500 16864
114600 16871
114700 16878
114800 16885
114900 16892
115000 16900
115100 16912
115200 16922
115300 16929
115400 16937
115500 16943
115600 16954
115700 16971
115800 16982
115900 16994
116000 17002
116100 17011
116200 17019
116300 17036
116400 17048
116500 17052
116600 17058
116700 17069
116800 17077
116900 17099
117000 17112
117100 17124
117200 17133
117300 17149
117400 17156
117500 17166
117600 17174
117700 17182
117800 17188
117900 17197
118000 17205
118100 17212
118200 17220
118300 17229
118400 17235
118500 17248
118600 17257
118700 17267
118800 17278
118900 17286
119000 17295
119100 17307
119200 17315
119300 17323
119400 17331
119500 17339
119600 17351
119700 17356
119800 17366
119900 17378
120000 17391
120100 17408
120200 17413
120300 17420
120400 17427
120500 17435
120600 17445
120700 17463
120800 17471
120900 17479
121000 17485
121100 17494
121200 17509
121300 17518
121400 17531
121500 17533
121600 17542
121700 17553
121800 17561
121900 17569
122000 17582
122100 17597
122200 17601
122300 17609
122400 17615
122500 17627
122600 17632
122700 17647
122800 17657
122900 17667
123000 17676
123100 17681
123200 17691
123300 17697
123400 17706
123500 17714
123600 17725
123700 17735
123800 17746
123900 17757
124000 17770
124100 17779
124200 17788
124300 17801
124400 17812
124500 17828
124600 17838
124700 17848
124800 17856
124900 17871
125000 17887
125100 17893
125200 17905
125300 17912
125400 17920
125500 17930
125600 17937
125700 17949
125800 17960
125900 17975
126000 17983
126100 17993
126200 18004
126300 18011
126400 18027
126500 18040
126600 18045
126700 18052
126800 18056
126900 18061
127000 18069
127100 18078
127200 18089
127300 18102
127400 18110
127500 18118
127600 18133
127700 18137
127800 18147
127900 18162
128000 18169
128100 18186
128200 18206
128300 18216
128400 18223
128500 18238
128600 18249
128700 18258
128800 18270
128900 18278
129000 18296
129100 18301
129200 18307
129300 18315
129400 18324
129500 18332
129600 18340
129700 18348
129800 18358
129900 18367
130000 18376
130100 18384
130200 18398
130300 18414
130400 18425
130500 18434
130600 18446
130700 18450
130800 18460
130900 18469
131000 18482
131100 18500
131200 18511
131300 18526
131400 18533
131500 18542
131600 18562
131700 18575
131800 18594
131900 18607
132000 18613
132100 18622
132200 18629
132300 18636
132400 18641
132500 18656
132600 18668
132700 18676
132800 18683
132900 18687
133000 18697
133100 18705
133200 18710
133300 18717
133400 18730
133500 18739
133600 18745
133700 18752
133800 18759
133900 18767
134000 18777
134100 18791
134200 18801
134300 18810
134400 18818
134500 18827
134600 18838
134700 18853
134800 18861
134900 18868
135000 18879
135100 18889
135200 18896
135300 18907
135400 18917
135500 18926
135600 18939
135700 18962
135800 18973
135900 18980
136000 18990
136100 19003
136200 19007
136300 19017
136400 19032
136500 19044
136600 19057
136700 19067
136800 19072
136900 19079
137000 19087
137100 19093
137200 19099
137300 19108
137400 19115
137500 19127
137600 19144
137700 19151
137800 19161
137900 19168
138000 19180
138100 19196
138200 19208
138300 19215
138400 19226
138500 19234
138600 19243
138700 19252
138800 19260
138900 19273
139000 19285
139100 19295
139200 19308
139300 19317
139400 19331
139500 19335
139600 19346
139700 19350
139800 19360
139900 19369
140000 19379
140100 19383
140200 19392
140300 19395
140400 19398
140500 19402
140600 19405
140700 19416
140800 19426
140900 19433
141000 19438
141100 19451
141200 19460
141300 19464
141400 19472
141500 19476
141600 19485
141700 19493
141800 19500
141900 19513
142000 19519
142100 19525
142200 19531
142300 19540
142400 19548
142500 19562
142600 19572
142700 19584
142800 19592
142900 19599
143000 19607
143100 19614
143200 19617
143300 19627
143400 19645
143500 19666
143600 19675
143700 19683
143800 19688
143900 19692
144000 19697
144100 19703
144200 19706
144300 19719
144400 19730
144500 19732
144600 19736
144700 19742
144800 19746
144900 19750
145000 19763
145100 19766
145200 19774
145300 19780
145400 19789
145500 19795
145600 19806
145700 19816
145800 19830
145900 19838
146000 19845
146100 19849
146200 19857
146300 19870
146400 19878
146500 19894
146600 19906
146700 19917
146800 19920
146900 19929
147000 19938
147100 19942
147200 19949
147300 19963
147400 19970
147500 19976
147600 19978
147700 19982
147800 19992
147900 19998
148000 20003
148100 20010
148200 20014
148300 20018
148400 20032
148500 20043
148600 20051
148700 20062
148800 20071
148900 20078
149000 20091
149100 20099
149200 20109
149300 20116
149400 20127
149500 20144
149600 20148
149700 20156
149800 20161
149900 20166
150000 20174
150100 20185
150200 20188
150300 20197
150400 20208
150500 20213
150600 20220
150700 20231
150800 20240
150900 20255
151000 20269
151100 20276
151200 20290
151300 20300
151400 20318
151500 20325
151600 20336
151700 20345
151800 20356
151900 20362
152000 20370
152100 20379
152200 20385
152300 20396
152400 20402
152500 20405
152600 20412
152700 20418
152800 20426
152900 20438
153000 20440
153100 20452
153200 20455
153300 20465
153400 20471
153500 20474
153600 20479
153700 20483
153800 20491
153900 20502
154000 20512
154100 20521
154200 20534
154300 20546
154400 20554
154500 20560
154600 20567
154700 20570
154800 20579
154900 20584
155000 20596
155100 20601
155200 20604
155300 20610
155400 20615
155500 20625
155600 20632
155700 20642
155800 20649
155900 20666
156000 20677
156100 20686
156200 20691
156300 20697
156400 20707
156500 20719
156600 20733
156700 20751
156800 20760
156900 20764
157000 20776
157100 20787
157200 20794
157300 20802
157400 20807
157500 20816
157600 20831
157700 20836
157800 20842
157900 20851
158000 20861
158100 20873
158200 20881
158300 20891
158400 20901
158500 20911
158600 20913
158700 20916
158800 20918
158900 20922
159000 20927
159100 20937
159200 20951
159300 20961
159400 20968
159500 20987
159600 20993
159700 21009
159800 21017
159900 21020
160000 21025
160100 21032
160200 21044
160300 21051
160400 21057
160500 21065
160600 21074
160700 21090
160800 21098
160900 21108
161000 21115
161100 21117
161200 21118
161300 21129
161400 21136
161500 21142
161600 21148
161700 21160
161800 21170
161900 21185
162000 21196
162100 21204
162200 21207
162300 21215
162400 21226
162500 21233
162600 21241
162700 21245
162800 21269
162900 21278
163000 21282
163100 21290
163200 21302
163300 21315
163400 21330
163500 21341
163600 21349
163700 21360
163800 21367
163900 21372
164000 21387
164100 21399
164200 21410
164300 21419
164400 21431
164500 21444
164600 21453
164700 21467
164800 21477
164900 21488
165000 21491
165100 21492
165200 21505
165300 21509
165400 21524
165500 21531
165600 21537
165700 21541
165800 21546
165900 21556
166000 21568
166100 21577
166200 21585
166300 21595
166400 21607
166500 21621
166600 21626
166700 21634
166800 21644
166900 21648
167000 21657
167100 21665
167200 21674
167300 21683
167400 21689
167500 21704
167600 21709
167700 21715
167800 21730
167900 21739
168000 21745
168100 21762
168200 21769
168300 21775
168400 21785
168500 21795
168600 21799
168700 21805
168800 21809
168900 21813
169000 21821
169100 21831
169200 21841
169300 21848
169400 21855
169500 21864
169600 21868
169700 21879
169800 21884
169900 21896
170000 21904
170100 21912
170200 21921
170300 21927
170400 21933
170500 21936
170600 21944
170700 21950
170800 21952
170900 21963
171000 21979
171100 21996
171200 22005
171300 22013
171400 22020
171500 22035
171600 22040
171700 22051
171800 22061
171900 22065
172000 22065
172100 22072
172200 22076
172300 22082
172400 22091
172500 22104
172600 22114
172700 22126
172800 22133
172900 22142
173000 22154
173100 22168
173200 22182
173300 22196
173400 22202
173500 22210
173600 22215
173700 22229
173800 22239
173900 22248
174000 22251
174100 22259
174200 22271
174300 22276
174400 22282
174500 22287
174600 22291
174700 22298
174800 22302
174900 22306
175000 22309
175100 22317
175200 22323
175300 22330
175400 22338
175500 22346
175600 22361
175700 22372
175800 22388
175900 22402
176000 22411
176100 22421
176200 22428
176300 22441
176400 22454
176500 22463
176600 22472
176700 22484
176800 22515
176900 22523
177000 22534
177100 22550
177200 22558
177300 22563
177400 22571
177500 22579
177600 22584
177700 22592
177800 22598
177900 22604
178000 22610
178100 22615
178200 22621
178300 22628
178400 22634
178500 22641
178600 22653
178700 22659
178800 22660
178900 22667
179000 22670
179100 22677
179200 22687
179300 22703
179400 22715
179500 22725
179600 22741
179700 22754
179800 22762
179900 22771
180000 22783
180100 22790
180200 22797
180300 22803
180400 22810
180500 22818
180600 22826
180700 22836
180800 22845
180900 22858
181000 22867
181100 22875
181200 22880
181300 22892
181400 22900
181500 22910
181600 22920
181700 22930
181800 22935
181900 22945
182000 22950
182100 22958
182200 22966
182300 22970
182400 22974
182500 22980
182600 22986
182700 22991
182800 23001
182900 23009
183000 23015
183100 23019
183200 23030
183300 23036
183400 23042
183500 23051
183600 23064
183700 23074
183800 23080
183900 23090
184000 23095
184100 23104
184200 23117
184300 23124
184400 23135
184500 23143
184600 23154
184700 23165
184800 23175
184900 23180
185000 23193
185100 23203
185200 23215
185300 23230
185400 23240
185500 23245
185600 23250
185700 23253
185800 23261
185900 23264
186000 23268
186100 23277
186200 23290
186300 23300
186400 23316
186500 23329
186600 23341
186700 23353
186800 23368
186900 23376
187000 23387
187100 23400
187200 23410
187300 23422
187400 23429
187500 23437
187600 23446
187700 23458
187800 23466
187900 23474
188000 23481
188100 23494
188200 23506
188300 23514
188400 23519
188500 23530
188600 23545
188700 23556
188800 23571
188900 23576
189000 23585
189100 23595
189200 23603
189300 23614
189400 23622
189500 23624
189600 23634
189700 23645
189800 23651
189900 23660
190000 23665
190100 23676
190200 23681
190300 23687
190400 23698
190500 23703
190600 23710
190700 23712
190800 23721
190900 23729
191000 23735
191100 23744
191200 23754
191300 23764
191400 23774
191500 23780
191600 23787
191700 23798
191800 23809
191900 23824
192000 23830
192100 23844
192200 23860
192300 23864
192400 23872
192500 23883
192600 23888
192700 23897
192800 23905
192900 23908
193000 23916
193100 23925
193200 23932
193300 23944
193400 23949
193500 23958
193600 23966
193700 23979
193800 23987
193900 24000
194000 24010
194100 24011
194200 24017
194300 24023
194400 24030
194500 24036
194600 24043
194700 24048
194800 24058
194900 24072
195000 24077
195100 24083
195200 24089
195300 24100
195400 24117
195500 24126
195600 24134
195700 24145
195800 24158
195900 24165
196000 24173
196100 24178
196200 24184
196300 24203
196400 24213
196500 24222
196600 24237
196700 24252
196800 24264
196900 24272
197000 24279
197100 24286
197200 24294
197300 24300
197400 24303
197500 24311
197600 24314
197700 24320
197800 24328
197900 24340
198000 24347
198100 24353
198200 24360
198300 24365
198400 24371
198500 24386
198600 24395
198700 24399
198800 24410
198900 24418
199000 24437
199100 24452
199200 24470
199300 24487
199400 24505
199500 24512
199600 24519
199700 24526
199800 24540
199900 24550
200000 24552
200100 24556
200200 24562
200300 24568
200400 24576
200500 24582
200600 24587
200700 24592
200800 24598
200900 24608
201000 24623
201100 24633
201200 24635
201300 24641
201400 24649
201500 24663
201600 24667
201700 24673
201800 24679
201900 24691
202000 24699
202100 24712
202200 24725
202300 24733
202400 24750
202500 24760
202600 24766
202700 24772
202800 24781
202900 24797
203000 24806
203100 24814
203200 24816
203300 24828
203400 24834
203500 24839
203600 24846
203700 24850
203800 24858
203900 24865
204000 24873
204100 24883
204200 24890
204300 24897
204400 24902
204500 24914
204600 24924
204700 24931
204800 24937
204900 24943
205000 24950
205100 24954
205200 24958
205300 24968
205400 24977
205500 24990
205600 24998
205700 25003
205800 25016
205900 25024
206000 25032
206100 25039
206200 25044
206300 25056
206400 25062
206500 25077
206600 25084
206700 25089
206800 25096
206900 25112
207000 25122
207100 25136
207200 25157
207300 25173
207400 25185
207500 25190
207600 25199
207700 25206
207800 25212
207900 25221
208000 25235
208100 25246
208200 25256
208300 25264
208400 25274
208500 25285
208600 25293
208700 25299
208800 25304
208900 25310
209000 25322
209100 25323
209200 25325
209300 25329
209400 25335
209500 25343
209600 25346
209700 25355
209800 25359
209900 25371
210000 25379
210100 25385
210200 25392
210300 25399
210400 25407
210500 25417
210600 25423
210700 25432
210800 25436
210900 25439
211000 25444
211100 25448
211200 25464
211300 25469
211400 25476
211500 25482
211600 25488
211700 25494
211800 25502
211900 25508
212000 25520
212100 25531
212200 25541
212300 25547
212400 25563
212500 25570
212600 25572
212700 25580
212800 25584
212900 25593
213000 25601
213100 25613
213200 25621
213300 25626
213400 25628
213500 25632
213600 25639
213700 25645
213800 25648
213900 25658
214000 25668
214100 25675
214200 25684
214300 25692
214400 25696
214500 25713
214600 25720
214700 25732
214800 25737
214900 25748
215000 25759
215100 25768
215200 25778
215300 25786
215400 25796
215500 25802
215600 25809
215700 25820
215800 25840
215900 25850
216000 25854
216100 25859
216200 25863
216300 25872
216400 25888
216500 25903
216600 25910
216700 25915
216800 25918
216900 25926
217000 25933
217100 25935
217200 25941
217300 25946
217400 25955
217500 25962
217600 25973
217700 25975
217800 25982
217900 25984
218000 25991
218100 25993
218200 26008
218300 26011
218400 26017
218500 26022
218600 26027
218700 26033
218800 26049
218900 26054
219000 26058
219100 26068
219200 26082
219300 26096
219400 26104
219500 26115
219600 26124
219700 26130
219800 26142
219900 26152
220000 26168
220100 26180
220200 26192
220300 26200
220400 26207
220500 26211
220600 26221
220700 26231
220800 26244
220900 26250
221000 26255
221100 26271
221200 26288
221300 26296
221400 26305
221500 26317
221600 26329
221700 26339
221800 26347
221900 26352
222000 26361
222100 26363
222200 26371
222300 26379
222400 26383
222500 26389
222600 26399
222700 26414
222800 26429
222900 26437
223000 26445
223100 26450
223200 26456
223300 26463
223400 26468
223500 26475
223600 26491
223700 26503
223800 26513
223900 26524
224000 26530
224100 26549
224200 26558
224300 26568
224400 26575
224500 26584
224600 26594
224700 26595
224800 26601
224900 26605
225000 26609
225100 26615
225200 26625
225300 26633
225400 26639
225500 26650
225600 26654
225700 26661
225800 26669
225900 26676
226000 26680
226100 26689
226200 26696
226300 26708
226400 26715
226500 26726
226600 26745
226700 26758
226800 26766
226900 26766
227000 26770
227100 26777
227200 26781
227300 26788
227400 26794
227500 26803
227600 26815
227700 26821
227800 26829
227900 26834
228000 26837
228100 26846
228200 26853
228300 26862
228400 26866
228500 26869
228600 26872
228700 26874
228800 26878
228900 26891
229000 26906
229100 26919
229200 26936
229300 26945
229400 26956
229500 26969
229600 26978
229700 26990
229800 27005
229900 27020
230000 27035
230100 27049
230200 27054
230300 27066
230400 27074
230500 27084
230600 27093
230700 27102
230800 27113
230900 27126
231000 27139
231100 27149
231200 27154
231300 27167
231400 27176
231500 27181
231600 27188
231700 27200
231800 27211
231900 27218
232000 27225
232100 27234
232200 27236
232300 27238
232400 27240
232500 27255
232600 27261
232700 27279
232800 27295
232900 27310
233000 27317
233100 27327
233200 27338
233300 27351
233400 27356
233500 27361
233600 27370
233700 27380
233800 27387
233900 27390
234000 27393
234100 27395
234200 27402
234300 27410
234400 27411
234500 27414
234600 27427
234700 27436
234800 27446
234900 27449
235000 27460
235100 27466
235200 27485
235300 27497
235400 27510
235500 27521
235600 27531
235700 27543
235800 27546
235900 27552
236000 27558
236100 27565
236200 27570
236300 27577
236400 27580
236500 27585
236600 27597
236700 27602
236800 27607
236900 27612
237000 27616
237100 27622
237200 27627
237300 27631
237400 27639
237500 27643
237600 27648
237700 27659
237800 27664
237900 27668
238000 27675
238100 27683
238200 27690
238300 27699
238400 27704
238500 27709
238600 27718
238700 27727
238800 27732
238900 27742
239000 27755
239100 27764
239200 27773
239300 27781
239400 27794
239500 27797
239600 27807
239700 27811
239800 27817
239900 27821
240000 27831
240100 27837
240200 27848
240300 27861
240400 27869
240500 27870
240600 27873
240700 27880
240800 27884
240900 27891
241000 27907
241100 27909
241200 27909
241300 27914
241400 27921
241500 27930
241600 27938
241700 27945
241800 27950
241900 27965
242000 27972
242100 27977
242200 27982
242300 27992
242400 28001
242500 28009
242600 28016
242700 28023
242800 28039
242900 28065
243000 28084
243100 28099
243200 28118
243300 28133
243400 28149
243500 28157
243600 28166
243700 28178
243800 28187
243900 28200
244000 28202
244100 28213
244200 28221
244300 28227
244400 28240
244500 28244
244600 28252
244700 28255
244800 28261
244900 28264
245000 28274
245100 28281
245200 28286
245300 28299
245400 28302
245500 28308
245600 28313
245700 28317
245800 28321
245900 28328
246000 28335
246100 28340
246200 28351
246300 28365
246400 28383
246500 28388
246600 28404
246700 28414
246800 28422
246900 28432
247000 28443
247100 28455
247200 28460
247300 28464
247400 28473
247500 28481
247600 28492
247700 28509
247800 28516
247900 28518
248000 28521
248100 28531
248200 28539
248300 28544
248400 28550
248500 28565
248600 28572
248700 28579
248800 28585
248900 28589
249000 28598
249100 28603
249200 28612
249300 28620
249400 28632
249500 28643
249600 28655
249700 28657
249800 28663
249900 28668
250000 28669
250100 28672
250200 28677
250300 28679
250400 28688
250500 28697
250600 28701
250700 28708
250800 28718
250900 28728
251000 28739
251100 28742
251200 28756
251300 28767
251400 28773
251500 28777
251600 28787
251700 28798
251800 28807
251900 28814
252000 28824
252100 28834
252200 28844
252300 28848
252400 28859
252500 28875
252600 28891
252700 28898
252800 28900
252900 28909
253000 28921
253100 28934
253200 28949
253300 28964
253400 28975
253500 28983
253600 28993
253700 28997
253800 28999
253900 29005
254000 29011
254100 29017
254200 29028
254300 29030
254400 29046
254500 29053
254600 29060
254700 29069
254800 29082
254900 29088
255000 29094
255100 29098
255200 29101
255300 29106
255400 29107
255500 29112
255600 29118
255700 29120
255800 29124
255900 29126
256000 29129
256100 29132
256200 29137
256300 29149
256400 29160
256500 29177
256600 29185
256700 29186
256800 29190
256900 29193
257000 29199
257100 29205
257200 29211
257300 29220
257400 29223
257500 29226
257600 29233
257700 29239
257800 29251
257900 29259
258000 29269
258100 29275
258200 29279
258300 29284
258400 29290
258500 29293
258600 29299
258700 29303
258800 29313
258900 29317
259000 29324
259100 29331
259200 29340
259300 29346
259400 29354
259500 29359
259600 29377
259700 29401
259800 29409
259900 29433
260000 29442
260100 29445
260200 29457
260300 29468
260400 29473
260500 29482
260600 29490
260700 29508
260800 29515
260900 29528
261000 29534
261100 29546
261200 29552
261300 29558
261400 29567
261500 29576
261600 29585
261700 29591
261800 29603
261900 29606
262000 29614
262100 29620
262200 29627
262300 29634
262400 29642
262500 29643
262600 29653
262700 29657
262800 29662
262900 29667
263000 29671
263100 29675
263200 29684
263300 29698
263400 29710
263500 29717
263600 29727
263700 29733
263800 29741
263900 29744
264000 29755
264100 29765
264200 29768
264300 29773
264400 29779
264500 29789
264600 29794
264700 29797
264800 29804
264900 29809
265000 29814
265100 29823
265200 29830
265300 29842
265400 29852
265500 29859
265600 29869
265700 29873
265800 29881
265900 29886
266000 29894
266100 29899
266200 29911
266300 29923
266400 29930
266500 29936
266600 29948
266700 29957
266800 29960
266900 29971
267000 29985
267100 29993
267200 29999
267300 30007
267400 30009
267500 30012
267600 30016
267700 30021
267800 30030
267900 30037
268000 30041
268100 30049
268200 30055
268300 30063
268400 30068
268500 30075
268600 30081
268700 30083
268800 30099
268900 30102
269000 30111
269100 30117
269200 30123
269300 30129
269400 30136
269500 30144
269600 30152
269700 30161
269800 30170
269900 30177
270000 30181
270100 30185
270200 30196
270300 30209
270400 30221
270500 30235
270600 30242
270700 30253
270800 30261
270900 30264
271000 30268
271100 30272
271200 30276
271300 30281
271400 30292
271500 30303
271600 30310
271700 30311
271800 30313
271900 30320
272000 30325
272100 30337
272200 30340
272300 30345
272400 30352
272500 30358
272600 30363
272700 30367
272800 30375
272900 30386
273000 30392
273100 30398
273200 30410
273300 30414
273400 30421
273500 30432
273600 30443
273700 30450
273800 30455
273900 30460
274000 30474
274100 30480
274200 30483
274300 30492
274400 30504
274500 30521
274600 30526
274700 30533
274800 30543
274900 30549
275000 30558
275100 30579
275200 30592
275300 30612
275400 30638
275500 30650
275600 30659
275700 30666
275800 30677
275900 30683
276000 30690
276100 30697
276200 30706
276300 30710
276400 30715
276500 30715
276600 30718
276700 30723
276800 30727
276900 30734
277000 30738
277100 30744
277200 30751
277300 30760
277400 30766
277500 30767
277600 30772
277700 30778
277800 30783
277900 30788
278000 30793
278100 30802
278200 30805
278300 30806
278400 30809
278500 30818
278600 30827
278700 30832
278800 30839
278900 30849
279000 30852
279100 30863
279200 30874
279300 30886
279400 30891
279500 30898
279600 30900
279700 30904
279800 30912
279900 30924
280000 30937
280100 30946
280200 30950
280300 30955
280400 30962
280500 30974
280600 30984
280700 30987
280800 30990
280900 30992
281000 30994
281100 30998
281200 31008
281300 31016
281400 31024
281500 31036
281600 31040
281700 31043
281800 31046
281900 31050
282000 31052
282100 31058
282200 31060
282300 31069
282400 31081
282500 31093
282600 31102
282700 31115
282800 31127
282900 31136
283000 31144
283100 31153
283200 31154
283300 31163
283400 31179
283500 31190
283600 31199
283700 31202
283800 31208
283900 31215
284000 31226
284100 31232
284200 31238
284300 31245
284400 31250
284500 31258
284600 31269
284700 31276
284800 31290
284900 31301
285000 31313
285100 31317
285200 31321
285300 31328
285400 31334
